Neighbour list object:
Number of regions: 10134 
Number of nonzero links: 20722 
Percentage nonzero weights: 0.02017762 
Average number of links: 2.0448 
26 regions with no links:
4004548 3998004 3998656 4004538 4004524 3999560 4004546 4004556 4032760 4032638 4032644 4032594 4032578 4032988 4032856 11629553 11627911 11628053 11628491 11629635 11617951 11617921 11897602 11898004 11896490 11896710
Link number distribution:

   0    1    2    3    4    5 
  26 3725 2395 3747  239    2 
3725 least connected regions:
4005564 3999982 3998818 3998748 3998584 4002620 3997938 3999798 4001438 3999112 4005404 4003998 4004170 4001614 4002492 4003878 4001788 4003086 3999816 3999340 4000044 4005558 4000442 4002118 3998926 3999232 4001744 4004738 4002144 4000050 3999888 3999116 3997502 4003670 4004242 3998762 4004742 3998410 4002862 4004634 4003874 4005594 4002750 3999592 4000098 4003776 4004682 3999862 4004248 3997648 3999958 3997522 3999994 3997730 4000226 3999938 3998696 4003946 4004008 4004938 4003772 3999064 4004466 3998694 4004266 4004134 4004468 4003928 4003954 4004896 4004330 4003760 4005656 4002682 4000640 4004500 4004532 4004020 4004088 4004078 4004480 4001860 4004014 4004012 4004372 4004948 4002718 4004420 4003606 3998726 4004502 4004706 4003714 4004380 4004096 4004044 4003926 4000424 4004314 4004000 4003972 4004676 4003876 4003908 4003546 3999586 4004510 4004428 4004406 4003894 4000394 3997670 4003850 4003806 4004094 4000428 4002654 4003574 4004408 4005574 4004052 4004038 4004930 4004206 4004390 4004220 4003552 4003978 4001434 3999968 4004456 4004326 4004440 3998614 4003544 4004268 3997434 4005506 4004450 3997996 4004418 4004368 4003904 4002502 4004340 4004358 4004484 4004260 4004228 4004474 4004854 4003940 4003598 3999830 3999812 4003642 4003834 3999428 4004216 4003976 4003958 4003650 4004520 4003548 4003542 4005260 3999768 4004842 4002730 4003678 3999894 3999918 3999890 3999882 3999818 3997666 4003996 4004006 4003636 4003540 4003702 3997476 3999826 3999852 3999776 3999794 3999850 3997698 4004036 4004798 4004926 3997514 3997530 3997462 3997920 3997898 4003872 4003912 4003726 3997888 3997892 3999730 4004318 4004284 4004262 4002076 3997846 3997752 4002278 3997558 4004288 3999880 3997788 3997578 3997582 3997574 3997534 3997538 3997474 3997818 3997928 4003556 3999806 3999774 3997940 3999740 3999778 3997880 3997484 3997446 3997430 3997432 3997464 3997444 3997924 4003706 4004794 3997896 3998816 3999756 4003610 4003646 4000172 4000120 4004274 4004254 4004104 4001072 4000182 4003550 4003802 4004100 4001780 3999906 4003780 3997690 4004098 4004918 4004168 4004024 3999736 4003870 4003736 4004158 4002774 4004026 4004818 4004812 4004178 4004172 3997930 3999780 3997708 3997772 4004836 4000268 4000464 4001946 4001914 4001878 4005560 4005580 4005530 4005536 4005570 3997744 3997974 3997542 3997554 4004152 4004880 4000560 4000634 3997658 4005582 4001926 4001794 4001762 4001710 3997680 4000726 4002662 4000718 4005442 4005596 4005598 4005586 4005576 4005466 4005592 4003744 4004068 4002792 4000344 4000322 3997722 4002354 4001564 4001620 4001668 4002760 4005514 3997704 3997702 3997716 4005468 3997608 3997598 4003810 4000596 4000610 4002790 3997734 4005510 4005562 4005528 4005518 4002444 4001478 4003774 4004060 4005534 4003724 4000392 3997784 4004830 4001604 4001718 4001714 4001732 4002788 4005498 4005474 4005426 4005578 4000352 4005460 4005462 4002702 4002648 4001570 4004162 4000578 4001480 4002984 4002986 4004302 4004422 4003892 4003856 4003852 4003970 4004862 4003994 3997824 4002172 4000390 4000466 4000604 4003710 4003608 4002376 3997660 4004840 4003828 4004856 4004870 4004888 4004124 4003896 4002132 4003762 4003798 4003794 4003844 4003900 4003842 4004054 4003988 4004858 3997524 4003886 4004874 4004528 4000762 4003982 4003950 3997634 3997636 4001972 4000734 4003854 4003738 4003766 3997632 3997696 3997688 4002318 4005414 4000616 4003716 4003694 4004876 4004882 4004308 3997686 4003742 4004898 4005454 4005476 3999810 4003614 4003612 3997668 4005494 3997652 4003588 4003558 4004176 4004214 4002160 4003104 4002560 4002628 4003668 4002598 4000658 4000224 4000316 4004190 4004226 4003096 4002400 4002378 4002860 4002720 4005490 4005484 4005458 4002136 4002872 4000170 4000356 4000292 4001128 4002532 4003630 4005660 4004376 4001416 4001994 4001996 4001968 4001866 4003658 4005444 4002588 4002500 4001952 4003022 4001318 4002960 4001076 4004906 4002320 4002524 4002486 4002464 4001690 4001738 4001980 4001978 4002086 4002022 4001958 4004828 4002236 4005508 4002762 4002098 4002922 4000798 4000838 4000968 4005418 4005422 4005662 4005456 4004940 4001854 4001852 4005492 4002854 4001706 4002314 4002230 4001984 4001848 4000244 4001864 4000926 4002212 4002072 4004194 4002138 4002390 4002146 4002238 4002012 4001048 4002918 4000958 4002360 4001846 4003624 4003596 4002312 4000720 4000698 4001462 4003564 4004362 3999804 4002386 4003618 4003634 4002414 4002370 3997442 3997428 3997422 3997420 4003698 3997872 4002714 4002734 4002724 4005398 4004838 4004832 4004182 4004914 3998000 3998002 3997900 3997820 4002510 4002660 4004010 4004826 4003758 4003654 3997728 3997458 3997454 3997436 3997438 3997456 4004878 4001960 4003084 4001140 4002322 4004458 3997882 3997886 3997904 4004796 4003804 4005480 4005548 4004916 4000234 4000138 3997490 3997498 3997512 3997566 3997528 3997550 4004082 4004046 4005668 4005544 4004814 3999892 3999914 3999916 4000030 4005542 4004912 4002404 4004364 4000270 4000140 3997570 3997600 3997998 3997588 4000976 4002708 4000660 4002716 4000438 4002666 4001902 3999582 3999258 3999608 3999606 3999604 3999214 3999190 4002572 3999612 3999556 4001916 4001990 4000760 4000396 3999520 4001784 4001884 3999538 3999238 4002748 3999212 3999188 3999280 4000654 4002610 3999154 3999182 3999132 3999584 4000516 4002304 4001964 4001792 4001938 4000460 3999204 4000580 4000680 4002752 3999094 4002292 3998838 4001942 4001268 4000904 3999194 3999600 3999598 3999304 3999078 3999068 4000710 4001528 4001502 4002066 4002068 3999168 4000882 4000668 4001314 4003024 3999588 4001672 4001728 4002418 4002256 4000678 3999296 3999302 4001450 4001168 4001146 4002696 4002608 4002698 4002658 3999174 4002766 4002578 4002478 4001962 4001930 4001698 4001694 4001696 4001678 3999210 4005388 4002994 4001482 4002576 4003014 4002956 3999060 4001642 4005394 4000638 4002886 4002726 4000410 4002394 4001640 4001498 4001436 4001180 4001764 4001420 4002614 4001680 4000504 4002490 4001464 4001550 4001676 4002606 4002638 3999130 4002186 4002694 4001476 4001560 4002482 4002372 4002542 4002480 4002196 4002736 4002704 3999328 3999320 3999264 4000648 4002882 4000342 4001126 4004156 4001034 4002738 3999504 3999282 4002340 4002544 4001826 4001828 4001840 4002226 4002294 3999142 3999522 4002338 4001494 4000812 4004160 4004138 4004076 4004056 4004130 4004908 4002140 4001148 4002600 4002070 4002150 4002268 4002350 4000334 4000306 4000732 3999394 4000722 4000898 4000878 4000870 4000716 3999058 4000114 4000294 3999488 3999500 4000692 3998884 3998986 4000186 4000652 4000546 3999594 4000300 3999496 4001086 4003028 3998928 3998978 3998900 4000676 3999128 4000350 4000434 3999374 3999062 3999446 3998868 3998788 3999040 4001490 4002930 3999108 4000666 3998994 3998846 3998780 3998832 3998824 3999440 3999466 4000536 3999596 3999274 4001094 4000526 4001218 4000214 4000132 3998724 3998858 3998910 3998918 3999072 4000602 3999136 4000594 4000540 4000774 3999476 3999436 3998972 3999530 4000382 4000378 3999490 4001152 3998974 3998952 4001336 4000966 4000960 4001306 4000130 4000884 4002364 4002174 4002228 4000116 4000456 4001418 4000040 3999954 3999974 3999978 4001992 4001008 4002148 4002126 4000446 4000404 4000830 4000914 3999494 3999032 4002096 4002170 4002188 3999902 3999900 4000932 4000862 4000786 4000740 4000328 4000248 4000246 4000922 4000912 3999908 3999920 3999942 3999970 4000038 4003018 4001516 4000980 4000486 4000476 4000454 4000426 3999386 4001032 4002356 4002392 4002402 4000572 4000522 3998834 3999422 4001424 3999336 3998840 4000422 3999402 3999952 3999950 3999986 3999988 4000118 4001818 3999474 4002932 3999270 4002934 4000338 4001666 4001070 4002948 4002334 4002336 4002330 3999430 4000794 4002298 4000126 4000206 4000230 4000258 4000374 3999076 3998976 3999392 3999472 4003076 4000310 4000606 4001974 4001906 4002950 4002324 4002374 4001508 4001430 4001388 3999574 4001838 4001524 4001292 4001822 4000574 4000576 3997902 3999728 3999732 3999620 3998618 4001294 4000608 4000702 3999866 3999854 4004708 4000772 4001506 4000686 3997914 4000462 3999928 4004966 4004588 4002902 4000312 4003218 4002856 4000196 3998580 3998612 3998670 3998666 4000308 4004600 4004558 4004616 4002946 3998764 3998812 4004598 4002448 4003098 4000154 4000112 4000222 3998674 4002944 3998706 4003062 4001646 3999824 3998578 3998582 4000092 4000080 4000014 4004628 4004624 4004606 4002942 4004018 4004662 4003216 4004554 4002120 4000056 4000034 4000198 4004704 4001410 4000250 3999176 3998944 3999534 3998702 3999790 4001746 4001774 4001936 4001970 4001888 3999792 3998728 4003032 3998602 4003026 4001806 4001858 3998856 3999298 3999310 3999332 3999356 3998646 3998712 3998738 4000736 4004430 3998746 3998916 3998954 3999562 4001868 4001802 3998690 4001256 3998730 4002912 4004382 4001948 3999384 4002940 4000964 3999760 4004378 3998648 4001874 3999396 3999362 3999364 3998988 4001484 4000802 4001834 4001816 4001798 4001830 3999372 3999956 4000102 4000826 4000808 3999404 3999426 3999452 3999434 3998722 3998638 4001386 3999558 4001812 4004720 4000544 4000768 4032790 4004716 3997508 3999860 3999874 3999808 3999832 4004736 4001918 4004956 4004958 4004552 4004550 4000068 4000340 3999742 4004586 4004970 4004730 3999926 3999844 3999842 4002518 4004640 4004712 4004974 4004686 4000850 4004656 4000844 4004596 4004602 4003682 3999962 4004688 4004610 4000864 4000842 3999886 4000590 4001058 3999006 3998948 4004650 4000168 4002936 4004568 3998938 3998892 3998870 3998792 3998732 3998644 4004952 4004622 4000480 4001444 4001050 4000368 4000418 4001012 4001062 4001010 4001238 3998698 3998606 3998626 4001742 4000500 4000380 3999990 4000106 4000688 3998620 4001572 4001590 4001776 4001772 4000264 4000240 4000834 4000628 4000642 4000152 4000108 3998680 3998610 3998808 4000142 3999932 4000078 4000650 3998902 4001670 4003074 4001900 4001904 4000110 4000750 4000646 4035418 4002938 3998874 3998880 3998820 4004692 4004740 3998790 4003078 4037374 4037754 4037412 4036688 4000276 4004968 4004964 4004580 4001726 4004472 4000192 4000414 4000416 4004512 4004954 4004620 4004618 4004710 4003740 4000194 4000204 3999944 3999936 4000032 4000216 4004732 4004680 4004644 4004570 4003708 4000136 4000086 3999878 3999868 3999846 3999848 4004646 4003688 4003692 4003730 3999910 3999904 4036724 4033776 4036110 4036704 4035950 4035076 4032936 4035530 4036028 4033708 4036564 4036648 4035986 4036102 4036196 4035998 4035932 4036734 4036646 4036736 4033194 4036706 4036714 4036746 4037746 4037750 4035886 4036076 4035938 4035828 4035812 4035772 4037020 4035712 4037748 4037752 4037742 4036744 4037044 4035666 4036222 4036696 4036718 4037008 4036228 4032816 4033712 4036716 4037042 4037176 4035716 4036014 4035766 4035840 4035876 4036712 4036668 4037172 4037174 4032684 4034512 4036402 4036388 4035944 4036068 4036158 4036262 4036330 4036384 4036454 4036610 4036438 4036186 4036016 4034316 4036122 4035972 4033488 4032690 4036160 4036620 4033938 4034086 4032770 4035734 4033416 4036684 4034984 4036334 4033520 4036592 4035340 4035484 4035374 4033590 4033592 4033562 4033554 4034098 4035962 4033828 4035848 4035774 4033626 4033640 4035468 4033634 4034566 4033624 4033564 4036206 4033210 4033518 4033476 4033502 4033494 4035538 4035564 4035632 4035576 4036922 4036594 4035566 4035590 4033450 4033442 4033444 4033406 4033386 4033408 4035616 4035748 4035788 4035834 4035934 4036956 4035844 4033418 4035388 4032176 4036290 4036152 4032910 4036254 4034542 4034548 4033422 4035824 4035846 4035898 4032178 4032186 4033522 4035976 4035948 4035884 4037166 4036958 4035780 4036266 4034532 4034526 4035726 4035760 4036562 4035756 4035700 4035588 4035334 4036866 4033198 4035630 4034950 4032844 4032832 4033652 4032622 4036966 4036658 4036382 4036090 4036362 4033632 4036024 4035996 4035926 4034622 4035904 4036970 4036054 4032182 4032172 4033306 4033344 4033824 4036666 4036062 4036742 4035354 4033612 4036876 4036882 4037410 4034428 4036926 4033436 4033460 4033462 4036246 4036588 4034138 4035584 4036880 4035610 4035642 4035654 4035660 4037404 4036516 4036586 4033618 4034166 4034202 4034240 4034270 4035614 4035600 4035452 4036662 4033456 4033472 4033500 4033490 4033504 4033526 4033552 4033568 4033536 4033646 4036640 4034302 4034372 4034346 4034402 4037388 4033606 4035626 4033582 4033580 4033572 4033574 4033602 4033642 4033658 4036986 4036992 4036632 4033696 4034586 4034522 4034596 4037396 4037400 4037392 4033666 4033662 4033702 4034590 4034672 4036590 4036430 4037170 4033706 4036872 4035094 4034264 4033722 4034574 4033694 4033654 4033688 4036496 4034078 4037370 4036426 4036312 4034442 4034412 4034398 4034336 4034262 4036530 4036498 4036676 4036278 4034232 4036630 4036284 4032932 4032688 4035410 4034206 4032696 4032678 4032728 4036686 4036604 4036568 4036470 4036572 4034018 4035744 4034416 4034516 4034558 4034168 4037168 4036372 4036322 4036726 4036386 4032722 4033514 4036316 4033660 4033650 4033672 4036512 4034374 4032602 4032616 4036306 4036180 4036174 4036190 4036308 4036300 4036492 4034424 4036446 4034322 4036126 4036066 4035984 4032610 4036342 4036458 4036504 4036394 4034562 4036502 4034130 4035892 4037408 4033544 4034112 4036348 4036294 4036140 4032618 4036346 4037040 4033638 4034298 4036514 4036464 4036440 4036260 4035532 4036478 4036932 4036336 4036466 4035648 4033968 4034152 4033320 4035624 4033864 4033960 4035722 4035762 4035806 4035852 4034058 4034632 4034032 4033316 4033300 4033714 4033718 4034570 4034060 4034014 4034012 4034000 4033998 4034038 4037376 4033286 4033716 4036944 4036940 4035914 4036948 4035872 4033850 4034144 4033720 4035142 4033352 4033354 4034148 4034194 4034132 4034284 4034282 4034328 4036554 4036098 4036112 4036148 4036188 4036236 4036298 4033838 4034296 4033266 4033392 4036532 4034222 4034142 4034198 4034642 4034644 4034648 4036404 4033296 4033288 4033328 4033336 4033228 4035082 4033404 4033822 4033910 4033852 4033876 4034172 4036416 4036484 4036508 4033760 4033756 4034382 4034650 4033346 4033390 4034388 4034408 4034268 4036542 4036558 4036708 4036692 4035308 4036600 4036644 4036678 4036730 4036702 4033790 4034318 4033374 4033740 4034238 4034154 4033164 4033180 4033396 4033420 4033360 4034540 4033770 4034616 4034618 4033954 4035620 4035708 4035746 4033182 4032202 4032200 4032212 4033260 4033368 4033358 4033230 4033956 4032210 4032216 4032230 4033446 4035776 4035784 4035810 4033244 4033242 4036488 4033976 4035808 4036946 4032228 4033314 4036156 4034592 4034594 4034598 4034600 4032226 4032220 4033184 4034554 4033434 4036960 4035916 4035894 4036994 4033896 4033884 4035980 4036004 4036018 4033162 4033200 4033208 4033168 4034030 4034010 4035320 4035332 4033458 4033464 4036026 4036030 4036070 4036088 4036218 4033984 4036302 4036326 4036408 4036412 4034630 4033808 4033800 4037016 4035444 4034674 4032780 4032806 4032798 4032840 4032838 4033782 4034294 4033798 4033804 4033878 4032920 4032554 4034120 4035426 4035510 4035366 4035368 4035524 4034248 4033860 4033858 4032928 4032796 4032826 4032848 4034434 4032860 4037018 4032890 4032896 4035420 4032666 4032990 4034946 4034158 4035272 4032908 4034980 4033752 4034244 4034970 4035088 4034180 4035042 4034976 4035084 4035074 4035072 4034418 4034280 4034386 4035068 4035046 4035258 4034190 4035298 4035244 4035118 4035098 4032904 4032884 4034362 4034304 4034324 4036204 4034606 4035960 4035328 4035434 4035570 4035526 4035568 4035080 4035422 4035226 4034216 4034188 4033710 4033746 4033690 4033700 4033698 4033684 4037394 4034440 4036896 4036884 4034076 4033812 4033628 4033596 4033530 4036320 4034176 4034128 4034114 4034090 4034110 4032730 4036410 4037402 4034394 4035260 4034124 4034126 4033570 4036920 4036910 4036912 4032766 4032880 4035266 4035170 4034578 4035112 4036356 4034300 4034272 4034306 4035270 4033870 4033856 4033836 4033826 4033762 4034320 4034410 4034438 4033412 4034536 4033252 4033250 4033248 4033766 4033908 4033906 4035022 4034584 4033234 4033988 4034422 4036722 4034582 4036660 4036698 4033222 4033218 4033224 4033206 4033212 4033216 4034580 4033240 4033324 4033312 4033304 4036520 4032654 4032546 4032630 4032748 4032888 4032628 11630473 4032784 4032726 4032802 4032756 4032588 4033062 4032556 4032552 4032596 4032702 11631989 4032786 4034414 4032604 4032626 4036652 4036654 4036574 4036680 4036732 4036406 4036864 4035150 11630973 4034118 4034092 4036874 4036338 4036280 4036238 4036220 4035668 4032674 4032664 4032632 4032738 4036172 4033774 4033750 4033996 4033992 4033942 4033932 4033970 4033974 4032642 4032598 4032736 4033972 4036086 4036060 4035974 4035968 4032682 4036984 4033952 4033962 4033982 4033994 4032676 4034004 4034034 4034048 4034052 11627093 11631103 11631965 11627223 11627175 11631169 11627681 11629565 11627119 11627117 11627215 11627233 11627189 11627629 11627359 11628723 11631181 11627663 11629567 11627179 11627151 11627263 11627295 11632001 11627087 11627067 11627319 11627343 11627341 11627503 11627369 11627921 11627739 11627155 11627505 11629619 11629607 11629605 11627715 11629591 11629587 11629571 11627725 11627653 11627769 4035104 11627315 11627689 11627205 4036182 4036162 4036974 4035856 4035008 4035012 4035228 11627181 4034998 11627449 4035854 4035724 4035880 11627757 11627765 4035062 4032878 4032854 4032874 4032876 4032822 11631019 4035198 4035384 4035454 4032586 4032592 4032866 4032906 11631171 4032824 4032814 4032764 4032734 11627471 11631211 11629561 11628411 11630985 11631003 11631041 11628555 11628577 11628513 11627303 11627695 11627741 11627607 11628719 11627699 11627299 11627275 11627187 11627153 11627639 11627693 11628475 11628441 11627579 11628311 11628695 11627439 11627533 11628699 11628423 11627595 11628149 11631011 11628625 11630989 11627565 11627555 11627645 11627655 11627731 11628703 11628707 11628283 11627717 11628629 11627603 11628139 11628107 11628749 11628709 11628619 11628603 11628519 11628455 11628401 11628357 11628715 11627755 11628705 11628711 11627841 11627857 11627353 11628129 11628543 11628323 11628321 11628717 11627395 11631209 11628205 11627745 11628295 11628231 11627333 11627573 11628265 11627057 11631139 11628253 11627065 11627491 11628221 11627621 11627561 11631227 11627393 11628145 11627823 11627365 11627461 11627609 11627781 11628973 11628099 11627373 11628329 11631085 11631191 11632005 11630397 11628689 11627669 11627159 11627133 11628595 11630377 11631031 11628359 11631111 11627397 11627113 11630371 11631201 11627307 11627521 11628371 11627115 11628131 11631223 11630367 11627735 11631159 11631133 11630313 11631087 11627135 11627625 11627587 11627855 11627321 11630333 11628301 11627327 11627287 11628029 11627825 11630381 11630361 11630339 11627941 11627705 11630289 11627283 11627485 11630337 11630393 11631207 11632011 11628115 11628367 11631037 11630319 11631005 11630299 11630353 11627399 11627557 11627377 11628701 11631097 11631083 11628069 11628447 11627961 11629563 11629557 11627073 11630365 11629583 11629555 11629593 11629617 11631043 11630391 11627061 11628101 11630967 11627633 11627613 11629935 11629989 11631067 11630395 11631189 11628615 11629643 11629633 11629597 11627059 11628497 11628109 11631129 11631123 11628461 11632013 11627571 11627583 11627667 11628373 11627173 11627199 11631165 11631179 11631137 11628119 11627277 11628327 11628337 11628335 11627733 11629573 11627893 11630995 11630461 11630447 11628353 11628537 11630619 11629523 11629529 11629535 11629541 11630373 11631143 11627301 11627539 11629547 11628341 11629545 11629543 11627417 11629639 11629525 11629507 11628693 11628623 11632015 11629663 11628051 11630317 11628563 11630121 11630067 11630217 11627953 11627877 11627915 11628591 11630433 11629937 11628133 11630429 11630235 11630257 11630213 11630269 11629947 11630411 11628123 11629707 11629677 11628547 11630385 11631167 11629863 11630179 11630239 11630113 11627811 11627933 11628165 11630321 11629673 11631163 11629985 11627929 11630389 11630287 11627991 11630003 11628187 11629939 11630077 11630043 11629963 11629949 11629951 11630225 11629933 11630193 11627071 11630243 11630731 11627949 11627431 11627649 11627183 11627305 11628031 11627143 11627077 11627079 11627099 11627125 11628515 11629723 11631921 11630455 11627951 11628093 11627871 11627943 11627937 11627169 11627947 11628733 11627821 11627817 11628495 11628477 11627335 11627553 11627437 11627385 11627339 11627211 11627379 11630401 11628409 11628421 11628509 11628197 11627983 11628047 11629717 11629733 11629749 11630471 11627675 11627661 11627605 11631091 11631131 11629679 11627515 11631355 11631213 11631235 11631231 11631161 11629911 11630253 11629683 11628381 11628365 11628363 11628343 11628319 11630041 11630449 11628135 11631225 11631239 11631233 11631219 11631237 11629839 11630779 11627967 11628019 11628117 11629767 11629827 11629927 11629899 11629817 11628281 11629825 11629921 935110095 11630275 11631015 11629815 11627405 11627407 11896802 11628125 11896776 11896774 11629761 11630329 11631027 11630311 11628299 935110092 11629759 11629771 11628501 11628955 11631033 11628121 11629499 11628177 11628355 11629515 11628507 11631077 11898078 11630439 11630441 11628407 11630431 11630387 11631079 11628549 11631963 11632007 11632003 11631155 11631075 11630445 11628609 11630293 11630285 11631993 11631987 11631977 11631953 11628565 11628731 11631951 11631945 11631923 11630265 11630305 11628617 11628631 11628645 11628633 11630229 11630251 11631929 11630969 11630971 11630197 11630159 11631021 11629781 11630165 11630057 11630055 11631981 11631991 11631959 11631939 11628451 11631943 11630097 11630177 11630145 11630019 11631983 11631975 11631961 11629857 11630733 11621956 11621252 11620852 11620876 935110048 11630233 11629599 11620926 11622052 11630187 11622806 11630599 11629969 11629581 11621916 11630183 11620706 11629609 11629997 11630039 935110084 11630013 11629649 11621804 11630211 11621976 11629923 11629931 11630021 11630007 11620792 11620918 11629959 11620964 11630033 11630737 11628727 11630031 11627843 11627867 11627905 11630015 11627063 11630123 11630065 11629981 11629957 11630181 11627861 11629763 11630191 11627803 11628975 11627787 11629999 11630781 11629943 11629941 11630249 11627885 11627917 11627909 11629747 11629965 11629743 11629915 11629901 11629809 935110051 11621960 11628925 11627903 11630047 11629777 11629783 11629789 11629787 11621854 11621898 11622112 11622006 11622200 11622736 11621040 11622172 11620776 11622066 11621942 11621886 11620740 11621106 11622286 11622340 11622386 11622232 11621998 11621778 11622122 11622304 11622432 11622196 11622088 11621044 11621036 11620990 11622074 11620956 11622208 11622744 11622174 11622084 11622104 11620960 11622132 11620970 11622760 11622680 11622166 11622022 11620714 11627421 11622044 11621908 11627419 11627427 11627429 11621814 11621800 11627913 11622090 11621794 11629511 11629513 11629551 11630575 11621974 11621832 11622538 11621958 11630735 11622134 11621126 11621074 11621298 11629601 11630727 11621418 11622394 11621994 11622734 11621950 11620810 11629651 11629757 11622010 11621792 11621790 11622114 11620708 11621894 11630579 11629751 11629669 11629671 11621078 11621982 11622190 11630645 11629645 11629753 11630129 11621836 11622686 11630583 11629853 11629907 11621842 11622498 11622628 11622382 11622152 11622072 11622024 11621428 11622506 11617223 11621134 11622458 11621000 11620760 11623364 11622486 11620980 11621422 11620932 11620928 11620870 11621772 11621770 11622558 11620868 11617177 11622684 11620734 11620732 11622694 11622692 11621420 11620818 11620862 11620936 11622440 11622548 11621120 11623366 11621768 11620802 11620806 11620762 11620768 11620944 11622592 11623332 11622646 11622562 11622632 11622754 11622390 11622524 11622420 11620718 11622702 11622644 11622520 11622450 11620694 11620858 11618113 11620942 11621518 11622054 11620702 11621984 11621114 11623356 11621764 11621424 11620916 11621830 11622142 11620746 11622598 11622466 11622606 11622552 11622514 11621864 11621938 11622542 11620866 11621522 11622742 11622630 11621132 11622616 11621226 11621038 11622570 11622478 11617895 11623324 11617173 11621030 11621008 11621108 11618047 11617261 11617905 11617079 11623338 11617973 11617969 11616861 11616817 11621256 11621784 11616823 11616827 11617925 11618029 11617991 11617189 11616985 11617169 11617901 11618095 11620856 11617159 11617155 11617145 11617055 11617031 11617233 11616975 11618067 11620910 11621788 11617237 11617995 11618021 11618107 11618101 11621478 11617199 11616611 11617231 11616877 11616901 11618055 11618037 11621068 11620720 11617147 11617227 11616479 11617267 11617061 11620698 11621244 11616927 11618019 11616853 11621912 11621088 11620930 11620898 11622168 11622234 11620836 11616993 11616831 11620950 11622018 11622060 11621922 11621932 11621056 11617985 11618153 11621946 11622418 11618057 11620860 11622262 11622410 11622412 11621862 11622198 11622324 11620790 11618065 11616791 11621004 11622656 11623314 11622488 11622136 11622160 11621992 11620786 11622224 11616427 11616475 11616509 11616471 11618015 11621080 11620800 11622756 11622622 11622662 11616513 11616617 11616627 11617091 11617961 11621990 11622288 11622240 11622516 11622528 11622594 11616515 11618031 11617975 11621878 11621006 11620940 11622578 11622510 11622586 11617937 11618069 11617203 11617957 11620884 11621268 11622618 11622648 11622664 11620770 11616961 11617999 11618017 11622666 11622688 11622704 11622626 11622668 11620886 11622660 11622670 11622700 11622614 11622574 11622640 11618117 11617185 11617013 11616423 11616463 11617073 11616429 11616815 11616455 11617207 11617059 11618279 11896084 11616897 11617171 11616863 11616787 11617385 11616465 11616913 11616879 11898862 11616467 11617197 11617181 11618121 11618135 11616459 11617113 11620756 11620804 11620830 11616867 11621020 11621064 11621136 11616603 11617041 11621094 11620996 11621066 11621954 11618083 11618137 11896844 11616461 11616895 11616425 11616457 11616489 11617115 11621032 11621246 11620816 11620796 11616477 11616613 11617927 11616601 11616413 11620764 11620766 11620712 11621220 11620728 11620844 11620834 11898860 11621426 11623358 11623350 11621290 11621802 11621900 11620850 11620890 11617027 11618143 11895906 11895918 11616889 11617153 11616813 11896002 11896016 11896074 11896234 11897418 11895930 11895852 11896102 11897994 11895980 11896028 11897884 11896370 11895834 11897744 11895998 11895892 11618129 11618147 11895854 11895916 11897984 11895920 11618145 11618151 11895812 11895838 11897980 11618125 11617273 11898838 11898780 11895738 11895732 11895646 11897724 11895736 11895706 11895708 11617083 11895856 11895750 11617253 11617247 11617219 11617239 11895806 11616409 11616807 11617179 11617221 11617047 11617241 11617245 11895814 11618079 11617087 11617011 11616511 11618049 11618043 11618051 11896154 11897782 11895896 11616411 11617029 11617217 11617035 11616845 11895950 11618027 11618033 11617205 11617213 11898134 11616837 11616899 11617025 11616987 11617015 11617009 11616999 11896092 11897352 11616809 11618255 11616607 11616485 11616405 11895888 11897978 11616997 11895668 11895914 11618123 11617007 11616905 11617269 11897780 11897758 11896270 11898282 11898274 11898732 11898784 11897496 11895542 11895544 11897642 11897042 11898094 11896836 11897428 11897358 11896956 11896962 11897674 11897108 11896536 11898750 11896976 11897006 11896594 11896612 11898768 11895610 11895642 11895608 11895140 11896984 11896488 11897802 11898754 11895124 11895116 11895120 11896926 11896492 11896486 11898782 11895142 11618087 11618097 11898044 11898268 11898708 11898778 11897544 11896882 11896884 11896764 11896766 11896922 11616841 11896896 11896826 11896660 11618089 11898040 11898042 11896940 11897376 11618141 11898748 11898722 11896554 11897484 11618149 11617967 11897002 11898758 11617919 11616915 11616789 11896684 11897604 11897308 11896082 11897046 11897078 11897610 11897632 11897534 11897522 11896042 11898276 11897688 11897738 11897082 11897314 11897530 11897502 11897468 11896830 11896828 11898084 11895992 11896790 11897726 11898056 11897404 11897462 11897486 11897532 11896822 11897736 11897412 11897652 11896982 11897284 11898136 11897568 11897620 11897634 11896930 11898086 11897796 11896948 11896936 11897506 11897646 11897278 11896020 11895990 11896204 11896198 11897732 11897742 11897734 11897750 11897012 11896078 11897088 11898050 11897800 11897788 11897072 11896072 11896112 11896188 11898096 11897754 11897794 11897790 11897792 11897842 11897752 11898714 11897822 11896986 11896952 11897060 11897028 11897728 11897654 11896290 11895902 11896236 11897172 11897844 11898216 11896876 11896970 11896862 11896276 11897992 11895968 11896498 11897136 11897862 11896240 11898054 11896806 11897330 11897302 11895970 11897348 11897162 11897830 11897776 11896846 11896864 11896306 11896732 11897448 11897204 11897612 11896908 11896888 11897182 11897176 11897186 11897160 11897438 11897426 11897134 11896906 11896904 11897490 11898280 11898278 11897318 11897332 11896968 11898106 11898104 11897116 11897148 11897114 11898272 11897660 11898796 11898766 11895764 11897976 11896384 11897264 11896788 11897740 11897322 11898852 11896532 11896508 11896510 11896230 11895690 11897616 11897262 11897290 11895894 11895908 11895798 11895762 11895712 11896700 11895934 11897542 11897398 11898072 11898070 11898068 11896282 11895922 11897622 11895754 11896038 11898820 11895598 11895662 11896834 11897678 11897704 11897142 11895804 11895832 11896720 11896702 11896786 11896738 11897730 11897594 11897520 11897080 11896116 11895802 11896126 11898802 11898826 11898794 11895148 11895560 11895628 11895774 11898074 11897392 11896118 11896124 11896246 11896798 11896644 11895782 11895716 11895692 11896244 11895868 11898822 11895826 11895870 11896634 11897378 11896280 11898810 935110056 11896418 11896398 11897538 11897546 11897578 11897382 11896164 11896264 11895792 11896294 11897662 11896394 11896336 11896152 11896160 11896142 11896192 11896048 11897720 11897576 11898124 11897380 11897374 11895640 11897482 11897442 11896162 11896262 11897276 11897250 11895664 11896210 11896310 11896302 11896340 11896350 11897326 11897244 11897400 11897408 11897762 11896186 11895740 11897246 11897180 11897206 11897168 11897384 11896462 11896408 11898012 11897590 11895554 11895584 11895778 11895776 11896312 11898010 11896374 11897040 11897098 11897770 11895650 11896250 11898264 11897096 11897112 11897126 11897102 11897708 11896324 11896218 11896222 11895820 11898026 11896670 11898022 11896730 11896378 11898302 11898182 11896592 11896362 11896440 11896348 11896606 11896744 11898270 11896516 11896482 11896854 11896474 11896432 11896890 11896410 11896460 11896454 11896450 11896114 11896866 11896354 11896400 11896366 11896518 11896690 11896692 11898770 11897106 11898100 11896430 11898266 11897528 11897458 11898738 11898762 11898788 11898804 11898858 11896614 11896514 11896458 11896708 11896748 11896448 11898836 11898824 11897100 11896562 11896496 11896784 11896478 11896894 11897370 11898816 11898972 11898734 11897874 11896636 11896638 11897850 11898726 11897118 11897722 11897838 11898974 11898976 11898830 11898844 11896502 11898864 11898980 11898854 11898850 11897152 11897232 11897266 11898126 11898856 11896076 11897122 11895864 11895122 11896588 11896596 11896814 11895880 11895882 11895912 11895974 11896024 11895928 11895982 11896032 11896056 11896058 11896104 11896544 11896546 11896658 11896096 11896256 11898014 11898190 11896760 11896770 11898064 11895818 11896396 11896434 11896504 11898018 11896382 11896402 11896326 11896358 11896838 11898148 11898060 11898036 24769007 11896030 11896182 11896674 11896648 11896258 11897986 11897996 11895904 11896752 11898038 11895678 11895128 with 1 link
2 most connected regions:
4001046 11628291 with 5 links
