Neighbour list object:
Number of regions: 19509 
Number of nonzero links: 39056 
Percentage nonzero weights: 0.01026166 
Average number of links: 2.001948 
62 regions with no links:
10188300 10190010 10187772 10192194 10190348 3577370 3577348 3576462 3576438 3577070 3576342 3576434 3576680 3577372 3577376 3576582 3577364 3576448 3576870 3576020 3577042 12153112 12152786 12151320 12153400 12152914 10182507 10181661 10181725 10176423 10182499 10176105 10176353 10175885 10176633 10175257 10175269 10175271 10177055 18422483 18421767 18424593 18420979 18424585 18421097 18409308 18408134 18402623 18402621 18402939 18403643 18392918 18392650 18393168 11880032 11883788 11882682 11878274 11881688 11878696 11878704 11882658
Link number distribution:

   0    1    2    3    4    5 
  62 7716 4064 7459  205    3 
7716 least connected regions:
10191790 10190742 10193118 10192066 10191678 10191192 10191814 10189388 10193152 10189464 10189516 10189946 10189600 10191484 10187422 10189672 10192458 10189844 10189394 10187424 10193124 10191062 10187044 10189182 10187738 10188430 10187776 10186640 10189562 10191164 10186776 10190532 10187938 10190528 10186742 10190396 10189724 10188922 10186576 10190050 10190028 10188942 10188706 10188194 10187438 10190926 10190542 10189310 10190450 10190646 10190220 10187074 10191930 10187740 10189836 10188068 10187966 10193100 10192188 10192480 10186674 10186676 10190226 10190714 10192968 10190500 10187108 10188996 10188370 10191208 10190470 10187126 10186752 10186662 10193108 10187088 10187078 10191122 10187732 10187134 10191616 10189410 10187146 10187202 10187054 10186746 10190476 10187752 10186672 10186678 10187070 10189582 10190232 10186950 10189570 10191072 10191250 10189590 10187036 10187096 10187188 10187112 10191200 10187178 10187190 10190560 10188780 10190298 10189488 10191792 10190324 10190770 10192120 10189078 10191092 10190492 10189944 10190258 10190274 10189292 10187068 10190694 10190774 10190880 10191026 10191076 10190384 10189142 10190336 10190240 10190724 10189954 10188886 10188844 10187046 10186990 10186968 10191150 10190238 10187004 10186980 10189136 10190658 10190718 10190716 10190234 10190292 10190642 10190706 10190668 10190254 10190498 10188770 10188888 10186944 10191854 10190512 10190264 10188932 10188006 10189126 10191214 10190552 10187782 10189030 10189176 10191258 10190478 10190354 10190472 10190268 10190250 10190246 10189036 10187800 10188998 10189518 10189552 10190510 10189544 10191180 10190390 10189178 10188994 10189118 10190526 10186688 10188164 10186942 10190664 10190458 10190456 10189484 10186924 10190586 10190364 10189402 10191110 10188324 10189324 10189948 10189194 10186916 10186910 10186904 10186918 10190860 10190766 10186642 10186932 10190610 10189128 10190416 10190330 10187166 10189326 10186480 10190886 10190356 10190430 10189062 10190556 10190978 10187874 10187924 10190382 10190608 10191412 10190352 10190598 10189564 10187162 10191090 10186794 10187130 10188222 10188262 10188588 10187456 10189660 10189180 10188584 10189688 10190042 10189702 10188542 10189900 10189006 10189066 10189276 10189548 10187454 10187446 10189230 10189232 10188640 10188638 10188656 10188820 10188738 10188730 10188678 10189734 10188384 10189408 10189372 10190022 10189320 10189982 10189712 10186726 10189418 10189272 10187708 10190580 10186970 10189940 10189496 10189330 10189412 10191470 10189824 10189828 10189990 10189422 10189294 10189428 10189514 10187982 10186654 10186732 10188806 10189638 10189354 10189426 10190018 10190016 10189398 10188314 10188352 10188236 10189568 10189592 10188198 10188214 10188986 10187728 10191296 10190578 10188234 10189612 10188592 10186750 10186762 10189332 10187444 10187434 10189926 10188086 10189534 10187432 10189934 10186748 10186740 10186570 10189532 10189530 10188670 10188518 10187960 10188788 10188498 10189244 10189976 10189204 10188206 10188158 10188104 10189308 10188438 10191234 10188508 10189164 10189112 10189218 10189974 10188124 10188028 10188038 10189996 10186758 10189110 10190600 10188334 10189328 10189478 10189546 10189404 10189992 10190514 10187010 10189986 10188402 10188220 10188174 10189378 10187436 10189622 10189634 10189370 10186652 10188736 10188448 10188538 10188274 10189646 10189652 10188836 10190338 10190314 10188536 10189690 10188340 10189450 10190282 10190230 10188838 10188896 10189576 10188442 10188106 10188880 10188878 10187766 10187748 10188470 10189336 10186544 10186536 10186534 10188088 10188046 10187934 10187946 10187948 10188066 10188850 10188462 10188460 10187936 10189964 10188926 10187750 10186524 10190824 10190812 10190782 10189192 10188064 10188760 10188446 10188436 10187920 10188796 10186936 10186974 10187156 10187118 10187150 10187106 10187098 10188406 10188312 10188278 10187912 10187900 10188426 10188570 10188568 10188472 10186780 10189256 10189240 10190888 10190852 10187882 10187854 10188170 10187824 10189288 10190480 10189104 10188912 10186764 10186766 10188582 10188618 10188620 10188704 10188708 10188966 10187830 10187760 10187864 10186770 10186796 10186804 10188644 10188578 10188528 10188964 10188396 10187364 10187730 10188696 10188566 10188358 10188360 10187784 10190768 10190754 10192076 10190696 10190484 10188510 10188202 10187736 10188398 10191848 10189912 10189072 10187698 10187710 10187780 10187840 10186806 10189318 10189340 10191862 10191860 10188504 10187964 10188144 10188116 10190702 10190752 10190370 10187700 10187716 10188464 10188466 10188146 10188326 10189958 10186590 10190210 10187180 10189314 10189540 10188132 10188120 10188102 10188092 10188874 10189076 10186594 10190520 10191858 10190524 10189350 10189284 10188062 10188016 10188004 10187976 10188200 10188306 10188798 10188750 10187122 10187084 10187062 10187052 10187040 10187014 10187958 10189892 10187836 10188244 10188240 10188232 10188208 10186596 10189962 10186998 10186994 10190454 10190386 10190434 10187838 10188432 10189896 10188182 10188162 10186588 10186586 10186566 10190504 10190474 10187018 10186666 10186686 10186670 10188716 10188150 10188454 10188910 10188882 10188958 10189014 10188632 10189300 10189198 10189994 10189148 10189008 10188872 10188962 10188988 10186554 10190688 10192478 10191668 10189814 10193026 10192992 10192990 10191472 10191652 10191608 10191594 10191556 10189710 10193128 10193122 10189070 10189018 10191460 10191218 10191304 10190344 10188192 10189854 10191196 10191756 10191688 10191690 10191156 10191082 10192952 10191404 10190048 10188354 10188482 10188428 10188610 10191052 10191884 10188296 10191754 10191746 10191694 10190040 10189774 10192486 10193084 10193076 10193126 10188682 10188752 10191882 10191400 10189778 10189784 10189820 10189782 10188702 10188712 10188810 10188868 10193038 10193004 10193020 10193040 10193106 10193116 10191658 10188684 10193104 10192972 10192954 10190896 10192488 10188864 10188826 10188828 10189220 10189386 10189758 10189748 10193102 10190872 10191748 10191524 10193272 10189738 10189798 10189922 10189924 10189920 10193274 10193078 10189010 10188944 10189166 10189970 10193136 10190596 10191500 10191220 10189670 10189636 10189248 10189224 10189188 10189664 10190864 10190068 10188494 10191706 10192472 10189102 10188984 10188920 10189640 10190034 10190032 10189632 10189578 10193132 10193130 10193138 10193150 10190826 10188256 10189474 10190014 10189446 10189046 10189206 10189258 10190004 10193144 10189806 10189048 10190762 10190710 10188254 10190002 10190000 10188990 10189114 10189448 10189480 10190692 10188950 10190744 10188840 10190562 10190536 10189666 10190026 10189538 10189542 10189482 10189492 10189528 10189572 10189302 10189040 10190680 10190518 10192190 10193056 10189560 10189566 10189490 10189444 10189468 10189938 10189374 10189558 10189574 10190878 10191876 10191722 10188076 10189298 10188410 10188216 10188782 10188768 10188650 10188416 10190764 10193070 10191336 10188332 10188286 10188246 10188532 10188288 10188298 10188602 10187942 10190368 10186644 10191904 10191000 10191916 10191136 10189584 10191450 10191480 10191498 10190850 505692 10191586 10191478 10189834 10191172 10192948 10191476 10191474 10189768 10190342 10191310 10191306 10191244 10191238 10191120 10191096 10191762 10191812 10191294 10191308 10191414 10191492 10191418 10191024 10190960 10190854 10191732 10190990 10190496 10190566 10190638 10187374 10191040 10186504 10186496 10186486 10186484 10191662 10191276 10191760 10190576 10186492 10186482 10186522 10186622 10187928 10188074 10191612 10191290 10190654 10190652 10191906 10191820 10191242 10190684 10190816 10190550 10188058 10188154 10188210 10188224 10188168 10188250 10186624 10186520 10191326 10190648 10190982 10186514 10186626 10186546 10186572 10188260 10188480 10190554 10190784 10190686 10188364 10188478 10188646 10188574 10188516 10188394 10186552 10186550 10187350 10187378 10187370 10188758 10191900 10190548 505704 10190490 10191362 10191390 10188694 10189908 10188294 10187368 10187386 10187402 10187420 10190916 10190920 10190924 10191468 10187416 10187400 10187392 10187388 10187406 10188692 10189910 10189914 10186650 10189762 10190950 10188928 10188954 10188832 10189056 10189124 10187426 10187428 10191588 10191692 10189864 10186648 10188082 10188056 10187950 10187878 10187890 10189090 10188936 10188808 10188804 10191782 10191778 10188084 10191682 10191674 10191908 10188600 10188178 10187896 10187888 10191580 10191388 10191392 10191014 10192448 10192456 10191426 10191376 10191368 10190078 10191634 10191138 10191282 10191348 10192462 10192474 10189786 505688 2079502 2081232 10188270 10188112 10188122 10188138 10188054 10188114 10187984 10191554 10191560 10191534 10191606 10192950 10192470 10189842 10187870 10187822 10187742 10187756 10187848 10187994 10187954 10191566 10193000 10193270 10193058 10189838 10187846 10187718 10187724 10193120 2079358 2079538 10193032 10193034 10193072 10189826 10187704 10187706 10186790 10186786 10186810 10193060 10193010 10191822 10192996 10193014 10192490 10193022 2081096 2079554 10189760 10186760 10186820 10187722 10187762 10187794 10187902 10188042 2080086 10188078 10187974 10191738 10191696 10191632 10191604 2081190 10193066 10192982 10189850 10189846 10188034 10192484 2079350 10190922 10190856 10191894 10191892 10187968 10189674 10191890 2081236 2081222 2081188 2081282 10189792 10191080 10191038 10191002 10190906 2081220 2081060 10191886 10191074 10191356 10191316 10191232 2081046 10191246 10191780 10190448 10190468 10190376 10189730 2081372 2079722 10191030 10190966 10191028 10191088 2081002 2079656 2080084 2081010 10191174 10191252 10191148 10191162 2081208 2081238 2081340 2081376 2081014 2080794 10191118 10192482 10190358 10189764 10191292 10191352 10191286 2081396 10191086 10191154 10191144 505680 2081540 10189742 10191440 10189616 10191486 10191488 10191496 2081276 2079760 2081248 10191494 10191198 10192192 10191128 2080154 10190360 10189732 2081278 10191416 10189606 10189596 10189630 10189656 2079942 2079738 2081090 10189696 10190952 10191898 10190928 10190910 2081308 2081326 10190452 10189708 2079420 10192008 2081182 2080624 2079544 2080146 2080178 2079714 2079726 2080362 2079550 2080670 2080960 2080414 2081262 2079608 2080458 2080612 2080510 2080208 2080008 2081244 2081250 2081258 2080910 2080758 2079620 2080108 2079746 2079712 2079710 2079736 2080156 2080994 2081018 2081168 2080482 2079548 2079506 2079958 2079704 2079700 2079638 2079560 2080426 2081256 2081210 2081382 2080430 2079702 2080388 2080412 2081056 2081086 2079914 2079594 2079748 2079944 2080382 2080502 2080184 2081420 2080748 2079504 2080534 2079574 2079724 2079732 2080144 2079900 2079542 2079546 2080186 2079556 2081196 2081146 2081122 2079570 2079588 2080062 2079904 2080028 2079522 2080072 2079906 2079552 2081032 2079988 2081374 2081358 2081498 2079576 2079940 2081370 2081378 2081140 2081170 2079754 2079612 2080112 2080338 2080522 2080702 2080176 2079586 2080586 2079894 2079644 2079658 2079642 2079516 2079500 2079600 2079960 2081400 2081414 2080812 2079662 2079670 2080014 2079682 2080754 2081178 2081098 2080274 2080296 2080210 2079524 2080248 2079590 2079976 2080036 2079970 2079898 2080262 2080786 2080736 2081468 2081792 2079348 2080130 2080142 2080226 2079674 2080792 2081070 2081228 2079890 2079952 2079584 2080380 2080464 2079654 2079496 2081484 2081796 2079508 2080224 2080290 2079352 2081034 2080992 2080976 2081186 2081206 2081458 2080592 2081260 2081284 2080692 2080768 2080662 2081224 2080526 2080968 2080958 3575618 2080830 2080680 2080942 2080926 2081472 2080948 2080932 2081012 2081422 2080940 3575332 2080706 2080310 3575326 2080634 2080840 2080750 2080752 2081058 2081068 2081356 2080674 2081006 2081274 2081214 2080716 2080556 2079720 2081020 2080918 2081130 2081198 2080804 2081530 2081026 2080444 2080878 2080476 2080408 2079744 2081456 2081040 2080836 2080806 2081572 2081424 2081154 2080962 2081116 2081390 2080460 2080764 2080574 2080548 2080760 2080038 2080022 2080018 2081138 2079982 2079924 2080066 2080288 2080056 2080058 2080524 2080590 2080520 2080480 2081368 2080982 2080468 2080004 2079998 2079938 2079918 2079978 2079950 3575604 3577154 3573456 2079680 2079692 2081176 2081134 2079436 2079434 3574606 2080202 2080282 2080092 2079356 2080190 2080324 2081102 2081124 2081106 2081004 2080984 3576492 2081036 2080182 2079438 2079446 2079442 2080096 2080048 2080370 2080196 2080356 2080300 2080868 3577086 3574100 2080892 2080842 2081520 2081522 2079450 2079652 2079664 3574260 2079462 2079472 2079486 2080270 3573562 2081524 2080738 2080756 2080774 2080698 2080636 2080552 2079882 2079498 2079484 2079476 2080358 3576172 2081496 2080234 2080110 2080728 2080720 2080718 2079416 2079426 3574124 2080620 2080416 2080442 2080492 3574460 2079896 2080538 2080638 2080174 2080158 3576222 3573362 2079876 2080074 2080704 2080726 3573788 2080452 3573616 3576344 3576728 2081392 2081394 2081410 2081588 2081590 2081476 2080998 3574104 3577218 3577696 3576764 3576454 3574344 3575284 2080776 2080798 2080828 3576718 3576734 3576744 3577170 3577762 3576786 3576922 2081550 2081548 3576478 3576996 3575384 3576992 3576916 3574574 3576866 3574230 3574358 2080808 2080694 2080746 2080734 2080678 2080648 2080632 3576340 3577168 3577176 3575646 3574206 3577212 3577148 3576902 3576446 3575624 3576262 3576502 3576790 3575354 3576346 3573704 3573700 3576562 3576864 3577146 3576854 2080564 2080448 2080322 2080396 3576712 3577366 3575232 868560 868562 2080536 2080498 3573372 3577368 3576826 2080384 2080410 2080168 3576714 3576458 3576440 2080180 2080260 2080462 2081806 2081802 3576754 3576240 3576504 3577350 3573958 3576788 2081798 2081478 2080422 2080394 3577316 3577320 3576836 2080342 2080204 2080244 2080114 3574908 3576424 3574502 2081454 2081418 2081416 2081398 3577216 3577194 3576314 3576316 3575420 3577362 3576834 3573604 3576700 3574546 3576184 3575550 2080044 3576860 3577358 3576872 3576708 2080010 2079994 3574244 3577288 3576850 3576852 3577302 3576472 3574348 3576154 3576410 3576244 3574294 3576064 3574204 3574226 3574882 3574868 3574190 3574186 3576168 3576158 3576148 3575138 3574380 3574586 3574310 3576056 3574370 3574338 3576452 3576120 3576132 3577280 3576174 3576214 3574304 3574836 3574406 3574392 3577550 3574842 3574840 3574846 3576212 3576204 3576084 3574278 3576228 3573764 3574834 3576428 3576396 3576468 3576976 3576218 3576216 3574422 3576122 3576420 3574420 3576124 3576144 3576312 3574164 3574126 3574196 3574334 3576226 3574440 3573898 3576306 3574340 3576264 3576832 3574168 3574094 3573908 3574384 3574216 3574270 3574264 3574194 3574224 3573400 3573308 3576166 3576068 3576074 3576456 3574414 3574374 3576160 3576078 3576326 3576076 3576284 3574386 3576248 3576246 3576046 3576036 3576026 3576202 3576194 3576182 3576208 3576268 3574314 3576030 3576116 3576484 3574366 3576232 3576280 3576032 3574922 3576082 3574308 3577112 3577096 3576374 3576380 3576402 3576516 3576576 3576494 3576254 3576242 3574274 3577172 3576230 3574894 3577286 3577094 3576498 3576572 3576556 3576474 3576560 3573828 3574430 3574530 3573338 3573558 3574518 3573906 3573972 3573488 3573330 3573848 3573932 3573450 3574542 3574516 3574048 3573814 3573502 3573810 3573366 3573948 3575304 3573938 3573470 3574056 3574044 3573498 3576874 3577166 3577352 3576950 3576936 3576938 3574002 3574004 3574096 3574494 3574084 3577044 3576480 3576598 3576364 3576322 3574848 3574006 3573348 3573334 3574556 3573982 3576590 3577050 3577040 3574144 3574558 3574054 3573484 3573478 3574532 3573306 3574062 3577026 3576998 3576978 3576986 3577002 3576956 3576386 3576292 3573936 3573942 3574078 3573476 3574066 3573474 3573310 3573762 3574000 3574570 3574098 3574116 3576650 3576890 3573398 3573374 3574528 3577178 3576942 3576940 3577034 3577052 3573368 3573928 3574086 3573854 3574866 3573370 3573930 3573922 3577848 3577378 3573530 3573824 3573838 3573984 3577134 3576920 3576972 3574034 3574076 3573978 3574012 3573500 3573886 3573916 3577196 3577180 3577164 3574080 3574548 3573952 3573884 3574376 3577162 3577156 3577126 3577116 3577120 3577300 3576366 3574566 3574154 3574160 3574132 3574234 3573344 3573342 3574060 3573790 3573784 3574182 3574442 3574448 3574424 3574372 3574360 3574108 3573860 3574390 3574150 3576258 3576238 3576290 3576296 3574572 3573304 3574148 3574142 3574178 3574218 3573324 3573792 3574302 3576436 3577284 3576276 3573770 3575464 3576672 3577018 3577072 3577010 3575506 3576730 3576768 3576692 3577342 3576804 3576354 3576982 3575472 3576412 3577322 3576490 3575494 3576964 3573892 3576422 3576666 3576272 3576984 3577618 3576444 3575394 3576338 3576400 3577142 3577294 3575514 3575512 3577030 3574898 3576038 3573988 3574588 3576496 3576546 3576544 3576460 3577806 3576584 3576510 3576838 3576636 3577340 3576282 3576288 3576224 3576328 3576944 3575316 3574900 3574890 3574888 3577386 3573956 3577716 3576686 3576716 3576792 3576914 3576924 3576824 3577324 3575324 3575320 3575560 3576652 3575412 3574584 3574592 3576320 3576382 3576670 3576632 3576604 3576626 3576622 3577158 3576840 3576954 3577144 3577020 3576822 3574398 3574402 3576156 3576170 3576088 3576058 3576962 3577068 3577334 3574400 3574404 3576800 3576776 3576702 3576710 3576612 3575436 3576772 3576704 3576150 3576022 3576688 3577046 3575424 3576904 3576018 3576152 3574436 3576690 3577314 3576606 3577312 3576748 3576682 3577140 3575342 3575486 3576658 3576618 3576624 3576614 3576638 3574446 3577304 3577306 3576566 3577738 3575468 3575318 3576164 3576302 3576360 3574582 3576592 3576946 3575290 3576644 3576674 3576602 3576532 3573698 3573710 3573712 3573694 3573666 3573672 3577880 3575194 3575236 3576432 3574242 3574208 3574240 3574090 3574036 3575524 3577062 3576414 3576450 3573658 3573656 3573668 3577016 3575444 3575348 3573608 3573970 3573926 3573904 3573870 3575302 4002776 4002778 3573912 3573896 3573836 3574838 3575748 3573816 3573818 3573806 3573768 3574120 3575376 3575682 3573326 3573424 3573414 3573396 3573392 3574458 3574508 3573702 3575260 3574472 3573624 3573592 3573580 3573800 3575174 3573776 3574362 3573386 3573464 3573516 3573544 3573548 3573528 3573454 3573408 3573420 3573744 3573718 3573460 3573568 3573634 3574488 3573650 3573560 3573660 3573388 3573390 3573360 3576610 3573514 3573564 3573540 3574470 3574512 3574506 3574492 3573674 3573590 3573610 3573642 3573736 3573834 3573832 3573730 3574200 3574476 3573588 3574466 3573524 3573522 3576960 3576932 3575166 3574914 3574342 3576304 3577384 3576828 3577328 3577332 3576878 3576548 3577336 3576918 3577092 3575482 3575382 3575702 3575402 3575356 3575378 3576930 935130055 12151600 3575908 3575180 3575196 3575162 3575182 3576648 3576580 3576534 3574210 3573556 3575216 3574032 3576696 3576722 3576684 3576758 3577344 3576810 3576740 3574416 3577066 3575214 3575234 3575270 3573960 3574232 3575254 3575278 3577862 3576906 3576882 3575456 3573538 3575478 3575520 3576928 3576738 3576856 3575298 3575286 3575276 3575310 3575300 3575408 3573876 3575544 3575542 3575580 3575608 3577182 3577346 3576794 3577048 3577038 3575314 3575258 3577036 3575586 3575602 3575616 3574388 3575256 3575622 3575592 3576774 3577318 3577160 3575242 3577106 3575226 3575140 3575154 3575160 3575142 12153000 3575566 3577022 3576970 3574580 3573954 3577730 3575912 3577102 3574268 3574246 3574074 3574538 3577032 3574136 3577190 3574578 3574394 3575438 3576270 3574050 3575306 3575396 3577652 12151352 12154338 12151474 12154040 3573468 3575352 12151426 12151412 12152382 12151920 12153090 12153200 12151224 12152942 12152038 12152356 935130043 935130031 12153930 12151888 12152240 12154590 12154462 12152318 12152342 12152802 12151590 12151566 12151564 12152424 12151570 12154284 12151944 12151828 12152092 12152174 12151996 12154354 12153778 12154064 12152132 12152108 12152894 12152142 12151524 12151580 12151574 12151842 12152082 12154364 12152706 12151966 12154094 12153212 12152146 12151980 12152452 12151516 12153826 12153694 12152448 12152870 12151858 12151880 12154140 12152062 12152460 12152208 12153968 12154466 12154310 12151750 935130092 12152148 12152780 12151808 12152258 12151812 12151870 12151968 12151930 12153600 12154446 12153996 12152828 12152102 12151652 12153654 12151632 12153242 12152218 12154030 12153168 12153620 12152912 12152310 12152308 12152752 12152760 12153434 12153952 12153972 12154114 12154122 12154130 12154148 12154000 12153924 12152238 12154090 12154006 12154146 12153856 12153900 12153018 12153050 12153772 12153934 12152222 12154080 12153950 12154012 12154292 12152888 12152252 12154088 12154138 12154126 12154086 12154022 12153394 12153026 12153986 12153086 12152996 12154388 12154106 12154100 12154060 12153214 12152998 12153042 12152978 12153604 12154054 12154286 12154442 12154144 12152982 12154256 12152768 12153532 12154418 12154258 12154044 12152816 12153944 12153458 12154018 12153234 12153906 12153982 12153254 12153370 12152264 12154038 12154020 12153222 12153124 12153210 12153010 12153144 12152472 12151924 12153110 12153108 12154264 12152966 12152924 12154276 12154330 12152744 12151910 12151290 12151280 12153084 12153016 12154048 12154392 12154142 12154134 12154136 12154328 12153204 12154290 12153588 12151200 12151190 12151694 12154084 12154082 12153640 12153192 12153140 12153782 12153720 12153660 12151714 12152784 12151918 935130093 12151984 12154394 12154074 12152316 12152352 12152928 12152464 12151638 12154378 12153586 12151644 12151764 12151738 12154464 12153994 12153540 12153566 12154350 12153142 12152212 12152248 12151850 12154374 12152228 12153608 12153498 12153414 12153432 12152896 12152084 12152096 12154340 12153330 12152158 12152268 12152196 12152400 12151378 12152392 12152398 12153672 12152018 12153262 12152790 12151978 12153186 12152396 12152330 12152836 12152294 12152808 12152194 12152332 12152030 12152850 12152738 12153578 12153684 12154360 12151614 12152078 12152226 12152130 12153174 12153332 12153700 12153788 12151336 12151316 12154266 12154262 12152050 12152446 12153800 12153674 12153790 12151834 12151648 12152582 12152002 12151802 12152172 12153916 12153920 12153318 12153486 12153502 12153534 12153722 12151926 12152444 12152150 12153302 12154376 12153344 12151310 12151794 12151792 12151304 12154382 12153658 12151830 12151530 12152160 12151972 12153412 12153820 12154308 12152946 12152516 12151196 12152378 12154300 12152250 12153426 12153794 12151492 12152792 12152820 12151760 12152066 12151826 12151892 12152450 12152456 12153880 12153942 12153914 12153454 12151420 12152120 12151202 12153754 12153776 12153922 12153940 12153912 12153712 12152380 12151284 12151758 12154346 12153808 12154342 12154298 12153612 12152584 12153190 12151462 12152072 12152006 12153240 12153726 12154320 12153802 12153508 12152740 12152334 12152242 12154318 12153746 12153246 12153470 12153266 12153308 12153636 12152756 12153670 12153628 12154306 12153634 12153842 12154390 12153910 12153268 12153572 12153610 12152944 12153462 12153386 12153390 12153348 12151846 10182787 12151314 12152088 12151862 12151882 12151988 12152384 12151466 12151488 10182717 12151796 12152412 12152414 12152388 12151908 12151744 12151716 12151728 12151272 12153178 12153202 12153274 12153334 12154296 12153312 12152776 12152772 10183065 12151692 12152404 12152950 12152926 12153164 12153138 12153104 12153428 12151396 12151276 12153590 12153624 12153768 12154386 12154380 12153946 12153032 12153024 12151414 10183037 12151646 12151354 12153162 12153182 12153224 12153196 12153270 12153278 12153860 12153928 12154336 12152442 12153798 12154312 12154304 12153506 12153520 12153284 12153322 12153368 12153354 12151562 12151762 12153352 12153542 12153466 12153300 12153380 12153282 12151594 12153286 12153230 12153008 12153326 12153328 12152350 12153500 12153446 12153546 12152932 12152930 12152868 12152906 12151252 12152984 12152986 12153564 12153554 12153496 12153592 12153622 12153676 12153680 12151672 12151250 12151592 12151582 12151634 12151408 12152834 12152866 12152822 12152824 12152920 12152938 12152898 12152962 12151214 12151346 12151664 12151804 12151820 12153044 12153218 12153244 12153296 12153188 12151228 10182495 12153372 12151886 12151934 12151976 12151406 12151294 12152076 12152122 12151856 10182823 10182179 10182187 10181641 10181649 10181617 10181321 10181575 10182189 10181465 10182479 10181747 10182177 10181549 12152880 12152162 10182163 10181411 10182483 12152156 12153644 12153706 12153818 10181537 10182181 12153804 12153734 12153758 12154358 12154356 12152974 12152186 12152206 10181161 12152230 12152276 12152336 12152290 12152410 10182153 10181511 12154014 12154026 12154002 12153980 12153964 12153956 10181309 10182373 10181315 10181675 10181269 10183169 10181143 10181305 10181145 10181291 12152736 12152716 12151598 12152434 12153938 10181757 10182213 10181393 12153908 12154366 12153756 12153702 12153714 12154368 12153988 12154588 12152354 12152774 12152872 12152956 12153020 12152990 12153126 10181179 10182169 12153160 12152436 12151684 12154584 12154372 12153786 12153518 12153560 10181503 10182183 12153460 12153392 12153034 12153176 12153040 12153028 12152892 12152878 10181505 12152856 12152854 12153570 10181487 10181437 10181417 10183005 10182195 12151152 12151238 12151178 10181197 10181203 10181319 10181317 10181445 10181513 10182481 12151172 12151154 12151180 10181385 10181381 10181685 10181677 10182731 10182233 10183121 12151432 12151946 12157216 12151270 12151286 10182719 10181167 10181741 10181657 10181687 12151278 12151312 10183091 10181643 10183293 10183113 10183089 10183193 10183199 10182703 10183021 10182255 12151702 10183159 10183067 10183027 10181569 10183299 10183017 10183123 10181651 10182247 12151662 10183083 10183015 10183127 10182983 10181753 12151628 12151636 12151588 12151476 10183087 10183141 10181153 10181733 10181717 10182249 12152748 12152054 10183137 10183097 10182737 10181731 10181559 10182235 12151446 12151480 12151468 12151450 10181773 10182487 10181609 10182973 10182985 10183295 10183211 10181739 24657450 12152778 10182913 10182935 10182741 10182759 10182789 10183297 10181669 10182257 10182493 10182883 10183187 12152300 12152348 12151402 12151386 12151376 10182941 10182815 10182841 12151370 12151454 10183055 10182989 12152718 12151168 12152322 10182967 10182897 12152260 12151428 12151486 12151522 12151546 12151550 12151542 10183203 10183205 10181535 10182869 10182863 10182909 12151504 12152408 12151422 12151156 12151160 10183133 10183119 10183107 10183115 10182541 10183153 10183157 10181539 12151498 10182623 10182625 10181645 10183163 10183185 10183047 10181689 10181619 10182521 10183191 10181545 10182673 10182695 10182705 10181147 10181627 10181611 10182947 10181247 10183041 10181673 10181653 10181631 10183045 10183039 10181745 10182491 10181225 10181223 10181211 10183155 10183095 10182859 10182861 10181243 10182523 10182371 10183063 10182251 10183291 10182865 10181281 10176923 10176087 10182009 10181403 10181399 10176029 10181395 10181459 10181447 10181467 10181469 10181265 10182199 10181493 10181543 10181523 10181489 10181481 10181499 10175925 10181193 10181525 10181439 10181839 10181379 10181835 10181207 10181391 10181421 10181843 10181429 10181419 10181405 10181451 10181521 10181593 10181191 10181483 10181453 10181455 10181443 10176663 10181485 10181461 10182607 10181425 10181583 10181597 10181599 10181605 10182525 10182165 10182173 10182167 10182201 10182209 10181427 10181551 10181561 10182211 10175889 10182603 10182641 10182227 10182221 10182217 10182215 10182503 10181715 10181737 10181727 10182245 10175713 10175785 10181833 10183209 10176965 10175225 10175203 10182999 10182979 10175303 10182959 10182945 10182873 10183183 10183177 10182811 10182803 10183181 10182849 10175691 10182757 10183171 10182851 10182843 10182801 10182809 10182795 10182767 10175703 10177449 10175693 10175999 10175281 10182761 10182777 10182723 10182713 10182709 10182677 10182669 10175371 10182977 10175679 10175241 10182679 10182685 10181187 10182751 10182745 10182743 10182689 10182663 10176893 10176557 10183167 10182611 10182665 10182635 10182653 10182599 10181195 10182655 10182629 10182605 10182543 10181755 10176321 10181751 10182489 10182571 10182545 10182609 10182613 10175261 10182529 10182515 10181165 10181707 10181721 10181697 10176345 10176821 10184623 10181681 10181663 10181637 10181603 10182511 10182497 10182513 10182535 10175253 10176089 10176869 10182733 10182531 10182569 10182557 10181149 10176793 10182981 10175217 10175935 10177045 10175987 10183223 10177405 10176449 10176437 10176219 10176253 10176347 10176985 10176315 10176319 10176125 10176131 10175273 10175331 10175769 10176067 10176093 10176127 10176065 10176393 10176989 10176357 10176419 10176855 10176847 10176117 10175267 10175319 10176201 10176287 10176149 10176235 10176121 10176995 10176081 10176361 10176309 10175777 10175877 10175825 10176153 10176119 10176831 10176385 10176433 10176783 10175821 10175237 10176323 10176993 10176597 10176743 10176329 10176469 10176497 10175911 10176851 10176589 10175841 10175963 10176135 10176265 10176245 10176107 10175951 10176861 10175917 10176177 10177059 935130062 10175351 10176823 10176507 10176111 10176221 10176849 10176827 10176937 10177069 10176661 10177043 10176561 10176473 10176495 10176623 10175861 10175933 10176931 10175931 10176643 10176605 10176639 10176671 10176547 10177063 10175923 10177009 10183051 10176785 10175801 10175929 10175855 10175967 10175965 10176967 10175915 10175937 10176047 10176983 10175847 10175873 10176987 10176407 10176481 10175849 10176009 10175979 10176935 10176217 10176929 10176941 10176025 10176291 10175783 10175879 10176551 10175209 10176229 10176097 10176085 10176181 10175997 10175973 10176959 10176867 10175205 10175805 10175939 10175957 10176271 10177173 10176647 10176429 10175717 10175743 10176441 10176735 10176079 10176049 10176077 10175725 10176157 10176593 10177013 10177051 10177039 10175977 10176645 10176669 10176103 10176045 10176001 10176857 10175201 10175969 10175231 10175215 10176021 10176963 10176263 10183217 10175833 10176371 10176391 10175985 10175311 10176951 10175709 10175347 10175355 10175681 10175221 10175335 10176099 10176899 10175809 10175961 10176035 10176223 18431599 10175497 10176151 10175981 10176113 10176027 10176137 10176185 10175249 10176535 10176943 10176183 10176033 10176947 10175991 10177421 935130063 10175989 10176163 10176059 10175285 10175959 10176005 10175993 10176187 10176335 10175207 10176839 10177455 10176567 10176521 10176563 10177415 10176635 10177073 10177451 10176413 10176451 10176555 10175337 10176549 10177453 10177079 10176761 10176727 10176815 10175317 10176841 10176853 10176797 10176607 10176653 10177025 10177047 10177049 10176651 10176343 10176581 10176659 10175327 10175903 10175723 10175677 10176405 10176577 10176379 10176395 10176397 18433913 10176523 10175341 10175739 10175897 10175857 10175869 10176373 10176375 10176339 10176337 10176399 10176435 10176445 18433923 10176475 10177019 10177023 10176409 10176621 10175893 10175779 18433205 10176911 10175829 10176913 10175807 10176499 10176529 10176553 18433037 10177457 10177011 10176427 10175771 10176901 10175329 10175433 10175307 10175435 10177031 18433179 10176819 10176807 10177459 10176771 10176417 10176533 10175453 10175441 10175229 10175235 10176787 10176713 10176677 10177461 10176541 10175233 18433685 10177239 10177231 10177269 10177217 10177205 18432241 18433035 18433213 18433225 18433211 18433233 18431783 18431753 18431751 18433741 18433237 18433239 18432757 18431709 18432143 18433235 18433207 18433201 18433181 18433183 18433193 18433187 18431815 18433039 18432043 18432205 18431901 18431775 18432737 10175299 10175301 10175289 10175291 18432207 18433593 18433889 18433903 18432149 18431825 18432725 18433573 10177057 10176757 10176779 10176699 10176753 10176829 18431855 18432745 18432127 10177287 10176801 18431727 18432141 18432239 10177083 10176845 10176773 10176843 10177053 10177065 18431739 18433241 10177349 18433369 10176691 10176693 10176729 10176739 10176751 10176775 10176809 10176863 18431831 18431813 18431785 18431821 10177331 18431771 18431719 18431735 18431763 10176859 10176817 18433049 18433373 18433371 18431777 18431779 18432187 18432153 18433047 18432101 18432209 18432199 18431731 18433783 18433789 18432495 18432525 18433637 18433673 18433701 18433721 18433743 18432185 18433833 18432261 18432569 18432537 18433695 18432595 18432593 18432575 18432583 18432195 18433857 18433855 18432553 18433905 18433909 18433683 18433661 18433587 18433589 18432179 18432151 18432051 18432567 18433635 18432229 18433807 18432473 18432465 18432773 18432117 18433773 18432477 18433689 18432771 18432769 18432437 18432417 18432549 18432085 18432507 18432609 18432343 18433569 18433577 18432065 18432263 18433563 18432561 18431721 18433625 18433247 18433883 18432461 18431991 18432421 18432445 18432489 18432505 18432277 18433623 18432105 18432529 18432243 18432237 18432545 18434123 18433093 18431971 18431757 18432275 18432259 18432411 18432121 18432399 18432315 18433591 18432739 18431749 18433071 18432353 18432369 18433895 18433873 18433653 18433621 18432735 18431841 18431873 18431907 18431911 18431955 18431869 18431891 18433065 18432547 18432129 18433543 18432301 18432267 18432227 18432171 18432163 18432217 18432427 18432559 18432049 18432003 18432019 18431899 18431915 18431861 18432439 18432397 18433033 18431729 18431715 18431695 18431707 18433897 18432017 18433151 18433147 18433161 18432733 18422013 18422961 18432585 18433145 18433155 18433167 18433165 18433143 18432213 18433811 18433657 18433095 18433097 18433077 18423037 18432443 18431863 18433099 18433067 18433079 18433089 18433105 18433069 18433609 18423865 18433867 18433881 18433817 18433801 18433911 18434135 18433781 18433733 18433677 18433711 18433715 18433717 18432167 18432189 18432221 18432211 18424041 18432249 18433919 18433921 18433707 18433693 18433663 18433579 18433559 18432597 18424185 18424021 18420969 18433619 18420919 18433605 18433847 18434167 18432407 18432467 18432409 18432401 18432587 18432581 18421647 18433581 18433631 18433679 18433791 18432393 18432767 18421067 18432469 18432497 18432621 18433565 18433687 18433601 18433627 18433659 18433729 18421063 18433747 18433853 18432617 18432483 18433255 18433245 18432415 18432455 18434133 18433799 18433823 18434139 18433779 18433765 18433745 18433771 18433915 18433891 18432359 18432419 18432293 18424249 18433243 18432255 18432759 18432145 18433793 18433825 18433839 18421153 18433869 18433887 18433845 18432265 18432283 18421027 18424591 18423719 18424551 18422021 18423159 18421283 18420955 18423843 18421263 18421163 18421077 18421075 18421149 18421331 18424475 18421417 18422519 18423933 18421447 18421397 18422639 18423713 18421587 18431711 18431713 18431717 18431701 18431691 18431679 18423869 18422399 18421059 18422487 18422503 18422925 18422319 18424523 18422421 18421043 18431681 18431683 18431597 18424201 18423969 18422481 18421113 18422463 18421321 18421323 18431613 18431593 18421763 18431595 18421579 18431619 18431627 18431639 18431673 18431617 18431601 18431655 18431625 18422405 18421023 18421315 18423061 18422585 18420967 18420971 18431647 18431623 18432715 18431819 18423145 18422367 18422529 18421181 18422429 18422383 18421649 18421115 18431877 18424153 18420993 18421501 18421489 18421329 18421015 18423033 18422685 18420963 18420949 18421589 18421633 18423421 18421109 18422417 18422521 18423647 18423307 18421959 18421285 18422033 18421303 18422373 18420989 18422465 18423319 18421565 18422943 18421257 18421225 18421169 18421389 18421211 18421205 18421655 18424167 18422279 18422903 18422475 18423285 18423237 18423051 18421307 18421051 18423217 18422987 18421235 18423129 18423681 18422539 18421651 18423093 18421645 18421497 18421553 18423315 18422919 18424297 18421485 18424293 18423423 18424563 18421539 18422419 18421549 18423999 18422741 18423415 18421507 18422749 18421147 18423261 18421009 18421199 18420975 18421439 18421531 18420995 18421265 18424163 18421049 18423333 18423105 18420951 18421571 18421541 18421515 18423233 18423225 18424151 18420997 18420999 18422689 18420917 18421379 18422281 18422285 18424159 18423277 18421543 18423091 18420899 18420929 18424235 18420937 18424121 18423023 18421101 18422619 18421325 18423009 18423297 18423335 18420921 18422837 18422767 18422599 18423949 18424295 18421333 18421301 18424299 18422901 18423247 18423155 18422981 18422779 18422785 18423181 18421459 18422351 18421249 18421053 18422733 18422645 18422587 18420965 18422659 18421557 18422899 18422043 18422039 18422527 18422535 18420973 18424035 18423573 18423613 18423649 18423639 18423721 18423767 18423079 18423325 18422929 18422859 18422849 18422601 18423039 18422967 18423845 18423819 18424305 18423815 18422729 18422643 18423907 18423945 18422993 18422677 18422561 18423011 18423013 18423071 18423977 18423169 18421037 18421277 18423981 18423921 18421183 18421057 18423353 18423357 18423401 18423399 18423389 18423829 18423711 18423309 18423373 18423149 18423257 18424129 18422609 18422563 18422491 18423449 18423689 18423657 18423453 18424173 18424175 18424177 18423473 18423503 18423521 18423517 18422507 18424193 18424191 18423631 18423045 18423173 18423143 18423119 18423057 18423003 18422997 18422751 18423081 18424189 18424227 18423351 18423519 18424303 18423663 18424131 18422669 18423633 18422857 18422591 18422593 18422541 18422687 18422691 18423817 18423795 18422675 18424135 18422867 18423113 18423131 18422909 18423555 18423483 18424209 18424215 18424219 18424225 18424229 18423671 18423993 18422457 18422427 18423889 18422877 18424139 18422793 18422795 18422633 18423251 18423707 18422431 18423983 18423925 18423777 18423825 18423359 18423737 18423787 18423799 18423867 18423755 18423693 18423665 18423607 18423953 18423885 18423839 18422777 18422787 18422775 18424169 18423137 18424155 18424133 18422549 18422623 18422505 18422509 18423895 18423863 18423905 18423059 18423097 18423507 18424309 18423369 18423605 18423543 18423515 18423485 18424183 18423409 18423413 18423559 18423541 18423349 18422407 18422369 18422393 18422425 18422423 18422907 18423125 18424187 18423379 18423299 18423273 18423241 18423343 18423121 18424545 18422667 18422703 18422763 18422931 18424509 18420909 18424465 18424439 18424429 18422577 18422099 18422061 18424537 18424493 18421955 18422089 18424457 18420907 18420915 18422015 18421341 18421403 18424499 18424461 18422873 18421337 18421219 18421221 18421229 18421537 18421957 18421493 18423069 18423007 18421151 18421099 18422839 18422075 25242925 18421157 18421145 18422331 18422391 18422447 18423727 18424531 18421511 18422977 18422085 18421617 18422635 18422657 18422583 18424291 18423175 18421769 18421187 18421213 18421241 18421295 18420911 18422489 18421373 18421399 18421427 18422697 18424511 18422381 18422543 18422637 18422673 18422935 18423127 18421661 18421657 18424519 18421771 18421369 18421441 18421471 18421411 18422743 18422727 18422537 18422629 18422459 18424595 18422449 25242907 18424597 18424539 18422783 18422917 18422827 18422951 18423025 18421669 18421947 18421939 18421943 18424421 18424589 18424487 18421481 18421547 18422323 18422433 18421529 18421567 18422409 18421931 18421929 25242921 18424599 18424577 18424473 18421121 18422355 18422327 18423601 18423675 18423741 18423743 18422017 18422023 18422029 18422031 18424463 18424455 18424469 18424573 18422681 18423781 18423807 18423851 18423871 18422403 18421535 18421599 18422345 18422053 18424555 18424485 18424557 18424541 18422357 18424251 18423911 18423951 18423947 18423943 18424255 18423973 18421047 18421175 18424587 18424547 18424569 18421593 18424123 18422499 18423995 18422553 18424525 18424031 18424037 18424261 18424259 18424001 18424023 18415069 18423965 18424027 18424033 18424039 18424013 18424003 18424007 18423909 18423065 18422947 18422937 18422933 18423099 18423019 18423111 18423875 18423917 18423903 18415213 18423823 18423761 18423805 18423901 18424161 18423239 18415557 18423139 18423265 18423283 18423959 18423963 18423791 18423735 18423683 18423669 18423619 18423603 18423679 18423703 18424213 18424205 18423513 18424223 18423565 18423697 18423637 18423705 18423673 18423745 18423773 18423785 18415473 18424243 18423551 18423547 18423537 18423609 18421523 18423527 18423489 18423461 18423447 18423327 18422603 18422011 18421313 18421405 25242917 18422769 18422927 18422887 18422979 18422823 18422719 18422841 18432809 18421393 18422651 18422595 18422545 18422471 18421621 18422415 18422375 18422855 18421465 18421495 18421177 18413291 18414865 18414417 18413595 18414343 18414345 18421927 18420927 18420925 18414855 18415457 18414067 18422095 18422083 18422037 18422045 18422059 18422071 18414435 18414433 18414103 18420947 18420977 18421155 18421127 18421185 18414277 18415429 18424435 18422067 18421583 18421509 18421475 18421455 18421401 18413263 18415501 18421435 18422027 18421243 18421281 18422001 18421997 18413275 18424301 18422009 18421999 18421365 18421353 18421317 18414287 18421245 18421227 18422003 18421989 18421985 18421977 18414757 18414827 18421975 18421233 18421191 18421143 18421073 18421011 18414425 18415555 18414389 18415361 18420961 18421119 18421287 18421299 18421407 18413343 18413945 18422389 18415499 18414667 18414665 18414695 18414737 935130096 18414577 18415451 18415447 18414925 18413569 18414575 18414213 18414133 18414561 18414587 18414707 18416065 18413315 18414173 18414341 18414317 18414149 18414407 18414257 18414013 18413581 18413345 18414011 18414169 18413597 18414273 18414377 18413987 18414161 18414645 18414593 18416063 18416057 18414275 18414523 18414631 18413321 18415269 18414451 18414599 18413981 18413319 18413309 18413607 18414269 18414281 18414503 18414573 18414553 18414585 18414571 18414327 18414505 18414471 18414499 18414019 18413941 18414513 18414405 18414249 18414025 18414403 18413553 18415559 18414009 18414373 18415591 18415573 18414437 18414063 18414331 18413993 18415583 18413555 18413973 18414097 18414661 18414217 18414299 18414291 18414595 18414043 18414223 18414615 18414715 18414713 18414397 18414375 18414139 18413579 18414477 18414391 18414507 18413997 18413559 18413567 18414247 18414653 18413307 18414549 18414251 18414229 18414085 18414059 18414371 18414347 18413317 18414293 18414039 18413295 18414215 18413313 18413619 18413577 18414119 18414443 18415589 18414401 18415561 18415489 18415075 18415615 18413747 18415535 18415201 18413663 18414787 18413661 18413657 18413639 18415547 18415527 18415543 18415123 18414775 18414897 18415001 18415003 18415675 18415671 18415673 18415387 18415357 18415529 18415551 18415607 18415605 18415007 18414989 18413311 18413705 18415087 18415179 18414313 18415549 18414915 18415495 18413293 18415341 18415311 18415315 18414905 18414917 18415521 18415299 18415433 18415415 18413707 18415263 18414933 18415189 18415553 18415545 18415681 18415491 18415497 18415593 18415339 18415421 18415281 18415329 18415403 18414359 18415435 18415455 18415191 18415611 18415257 18415517 18414953 18414901 18415485 18415581 18414105 18414057 18415515 18415483 18415469 18415419 18415137 18415159 18415637 18415439 18414931 18414055 18414209 18414303 18414463 18413341 18415381 18415195 18415153 18414079 18414111 18414163 18414147 18414095 18414153 18414231 18415379 18415377 18415369 18415289 18415233 18415513 18414869 18414447 18414033 18413957 18413289 18413299 18413273 18413271 18413337 18414283 18415307 18414789 18415109 18415149 18414997 18414307 18414445 18413277 18413283 18413249 18413247 18415463 18413757 18415085 18415157 18413461 18413251 18413253 18413265 18413297 18413281 18415185 18413989 18414557 18414191 18414101 18415677 18415127 18413697 18413693 18415579 18415577 18413573 18415981 18415155 18414263 18414265 18413571 18414151 18414221 18414679 18414415 18414623 18414625 18414527 18414703 18414719 18414203 18414199 18414089 18414073 18414035 18414525 18409302 18414605 18414815 18414689 18414717 18414547 18414473 18414137 18415575 18415585 18415587 18414457 18414589 18414671 18414727 18414863 18414911 18414479 18414491 18414531 18414567 18414493 18414387 18414157 18414803 18414753 18414807 18414751 18414651 18415773 18414613 18414355 18414337 18414321 18414243 18414117 18414065 18414159 18414515 18414461 18415027 18415639 18414875 18409530 18414999 18414981 18414893 18414763 18414817 18414767 18414877 18414851 18414783 18414835 18414801 18415355 18414833 18414853 18414899 18415057 18414927 18414923 18409370 18415401 18415067 18415287 18414849 18415345 18415313 18415397 18415445 18415461 18415305 18407718 18409640 18407538 18407522 18409216 18409212 18409184 18409692 18407690 18407670 18408476 18407816 18409376 18409182 18415187 18413733 18413633 18409210 18413759 18413585 18414907 18416061 18414823 18416059 18408266 18414747 18414799 18407722 18407750 18409278 18413603 18413601 18413605 18407738 18409150 18407778 18407804 18407692 18414771 18414871 18414889 18413609 18407820 18407902 18409226 18413647 18413623 18413651 18413667 18413669 18414979 18407530 18415617 18414961 18415619 18415049 18415177 18415063 18408360 18415119 18413741 18414895 18414951 18414885 18414729 18414777 18414831 18414621 18407616 18414619 18415211 18415095 18415145 18415623 18415625 18414969 18414937 18408312 18407836 18407754 18415395 18415365 18415853 18409214 18407746 18407790 18415423 18407766 18415441 18407624 18407870 18407786 18407886 18407928 18407920 18409340 18408294 18408072 18408106 18408120 18409254 18408398 18407950 18409688 18408464 18409672 18407966 18408004 18409706 18409694 18409654 18415957 18415655 18408442 18415651 18415091 18415143 18415121 18415039 18415019 18409702 18409700 18408046 18409224 18409230 18408466 18407922 18415647 18408052 18408756 18408068 18409222 18409676 18407996 18409666 18415649 18415659 18415171 18415197 18415227 18415235 18415271 18415253 18415247 18408758 18409686 18407860 18407826 18415327 18407876 18414959 18415303 18415353 18415413 18415431 18407942 18409650 18415399 18408034 18414949 18415645 18407550 18408342 18408074 18409108 18407542 18407880 18408016 18409296 18407552 18407554 18407572 18409156 18409822 18407796 18409534 18407560 18407792 18407934 18407784 18409218 18409158 18409190 18407638 18407654 18407656 18407664 18407680 18408428 18409632 18409696 18408478 18409708 18407912 18407748 18409698 18409704 18407774 18407694 18407696 18407626 18408228 18408230 18408154 18408300 18408740 18408588 18408176 18408210 18409276 18409344 18408754 18407894 18408370 18408378 18408096 18408114 18408126 18409472 18408288 18408274 18408372 18407824 18407858 18407900 18407946 18408458 18409480 18408302 18408298 18407968 18408774 18408376 18408352 18409350 18408250 18409366 18408350 18408772 18408354 18407964 18407962 18407982 18408136 18408192 18408232 18408178 18409364 18409358 18408012 18408020 18408094 18408104 18408054 18408770 18408768 18409360 18408216 18408766 18408048 18408170 18408156 18408132 18408122 18408038 18408206 18408182 18408028 18408010 18408324 18408488 18409320 18408760 18408042 18408022 18408468 18409288 18409326 18409266 18409442 18408290 18408286 18408238 18408196 18408110 18407990 18408040 18408056 18407898 18407874 18407814 18407812 18407840 18407868 18407822 18409330 18408164 18409332 18407818 18408044 18408030 18408446 18407958 18407810 18408438 18408436 18409374 18409362 18409336 18409458 18409306 18408656 18407882 18407888 18407904 18407908 18407948 18407954 18407970 18408472 18408724 18407768 18407732 18408432 18407700 18408750 18408200 18408244 18409252 18409240 18407890 18409256 18409234 18409312 18407676 18407660 18407648 18401643 18402413 18402935 18401511 18402973 18409122 18409128 18407544 18407562 18407556 18407566 18407644 18407558 18408002 18408452 18409120 18409100 18409102 18409098 18409132 18407756 18407704 18407684 18407686 18408448 18407960 18409152 18409166 18409168 18403389 18402489 18409146 18409112 18409110 18407716 18407702 18407802 18409096 18409092 18407536 18407576 18407586 18407584 18407794 18407540 18407978 18407574 18407588 18407524 18407526 18403601 18402713 18401593 25243646 18401785 18409538 18402333 18409434 18409260 18409438 18409228 18409536 18402033 18401661 18401667 18402909 18403043 18403585 18402043 18403245 18403175 18403193 18403231 18402035 18401803 18402739 18402897 18402953 18402963 18403061 18403071 18403277 18403297 18403265 18402711 18402873 18402447 18402037 18401707 18403599 18401701 18402307 18401767 18402793 18401577 18402741 18402709 18408124 18408116 18408092 18408752 18402885 18402911 18401719 18402329 18401591 18408264 18408296 18402889 18402965 18401537 18402277 18401613 18403037 18401765 18403081 18401519 18402505 18408234 18408202 18408198 18408242 18408762 18401535 18403023 18402955 18403143 18408270 18403033 18403127 18408314 18408316 18408346 18408358 18408364 18403173 18403157 18408676 18401597 18401609 18401877 18408368 18408394 18409638 18409652 18409680 18402759 18402293 18401595 18402291 18402839 18402631 18402289 18401555 18402983 18403011 18401709 18402045 18402761 18401783 18401635 18401633 18401631 18401763 18402737 18402893 18403005 18401777 18401779 18401529 18401589 18403597 18402615 18402609 18402025 18402915 18401879 18402019 18402887 18402649 18402285 18401775 18401637 18402385 18402585 18402941 18403057 18403111 18402991 18403603 18403093 18401793 18401627 18401727 18402419 18402521 18402981 18401601 18402531 18402557 18402589 18402591 18401705 18402279 18403383 18402509 18402533 18403151 18403163 18403547 18402353 18402421 18403543 18403107 18402021 18402319 18402373 18402397 18403051 18402937 18403609 18402757 18402345 18402361 18401787 18402331 18403241 18402993 18401567 18402359 18402587 18401789 18402395 18402457 18403167 18402549 18402567 18402751 18402351 18402451 18402469 18402459 18402563 18402607 18402481 18402497 18402551 18403353 18402579 18402539 18402507 18402575 18402921 18403045 18403019 18403583 18402287 18402327 18403381 18402383 18403613 18402295 18403581 18403091 18403041 18403001 18403017 18402335 18403229 18402341 18402339 18402513 18402515 18402901 18401671 18401677 18401703 18401735 18402553 18402957 18403553 18403551 18403539 18401687 18402347 18402517 18403397 18402405 18401693 18401681 18402643 18402667 18402669 18402725 18402691 18402945 18403555 18402407 18402919 18401655 18401657 18401659 18401649 18401639 18401641 18403187 18402641 18402583 18394390 18403313 18403227 18403119 18403097 18403047 18402997 18402929 18402723 18403279 18403291 18402961 18403595 18403049 18403013 18403021 18403113 18403121 18403103 18403419 18403257 18403221 18403315 18403251 18403155 18403247 18403069 18401505 18403249 18403335 18403261 18403327 18403195 18403305 18403199 18403289 18401457 18401463 18403293 18403385 18403393 18403407 18403417 18403415 18403347 18403323 18401459 18401469 18401465 18401757 18403373 18403403 18403401 18403337 18403331 18401501 18401491 18401489 18401507 18401499 18403629 18403621 18403619 18395324 18392386 18392370 18393372 18392418 18392382 18392384 18392378 18393264 18395320 18392896 18393612 18394242 18392912 18392436 18392790 18393262 18393260 18392316 18393762 18392718 18392296 18392290 18403623 18403273 18403281 18403625 18403039 18403325 18402655 18402647 18402747 18402811 18392506 18403205 18403239 18403311 18401543 18393854 18392834 18395452 18392848 18402863 18402847 18402687 18402619 18402795 18402797 18402821 18391816 18395404 18392920 18403361 18403405 18403399 18403387 18403333 18403627 18403365 18402637 18402639 18402719 18402789 18392410 18392368 18402683 18403379 18403367 18403369 18403349 18403345 18394224 18392914 18393726 18402629 18402703 18402753 18392644 18392938 18392528 18392568 18392576 18393386 18392534 18395288 18392578 18392570 18392928 18392936 18392818 18392556 18392520 18392480 18395340 18395190 18394464 18395212 18393402 18393192 18395372 18393034 18393398 18395170 18392690 18392704 18395634 18392956 18395124 18392998 18393022 18395244 18393400 18393086 18392882 18392922 18392716 18392524 18392512 18392996 18392526 18392460 18392496 18392606 18392986 18393408 18395282 18395310 18395260 18395248 18393406 18392466 18392430 18392470 18392680 18392686 18395642 18393148 18395234 18392620 18395318 18393074 18395158 18395188 18395352 18401541 18401531 18401571 18401533 18395142 18392448 18393176 18392340 18392482 18401545 18401579 18393396 18393106 18393158 18393294 18392892 18393252 18392608 18395128 18392266 18393256 18393258 18392260 18392264 18392640 18392566 18392558 18395180 18395304 18393096 18392400 18394450 18393164 18393152 18395084 18393404 18391870 18392792 18392674 18392712 18393082 18393002 18392446 18393656 18395462 18395206 18395638 18393306 18393342 18392714 18392732 18392728 18393090 18392698 18393994 18395384 18393840 18394206 18395194 18395184 18393772 18394158 18394194 18394334 18394354 18394394 18394376 18394058 18393760 18393734 18393690 18394322 18394256 18393934 18394200 18395280 18395360 18395430 18392890 18395312 18395658 18395660 18393788 18393742 18392802 18395460 18394284 18394364 18394246 18395406 18395458 18395446 18393956 18392800 18394164 18394226 18395412 18394410 18394398 18393744 18395334 18394382 18394336 18392708 18394388 18394352 18393718 18395402 18395456 18394338 18393010 18393072 18394244 18394600 18393790 18394332 18393070 18393136 18393174 18393378 18395350 18395088 18395148 18393654 18394318 18394374 18394104 18394092 18394056 18394250 18395450 18395656 18395200 18395250 18394362 18394386 18394384 18394018 18393998 18394024 18395442 18395132 18395264 18395238 18394312 18393952 18394598 18394606 18395414 18393394 18392858 18392774 18392754 18395366 18394340 18395300 18395388 18395380 18395432 18394264 18393116 18395102 18395154 18395210 18395292 18395286 18393964 18393856 18395378 18393882 18394400 18395654 18392742 18393950 18394260 18393614 18395344 18395328 18395330 18395278 18395342 18394638 18392404 18394100 18393054 18393916 18391790 18391834 18392442 18392424 18393766 18393746 18391752 18394006 18393644 18392964 18394230 18393666 18394144 18392516 18392510 18392546 18393170 18393620 18391872 18393606 18394062 18393992 18392844 18393132 18392940 18393292 18393288 18392830 18394074 18391788 18393990 18391744 18392906 18392898 18392952 18393272 18393274 18392684 18393388 18391828 18393920 18395390 18392824 18392826 18392930 18392828 18394010 18394052 18394098 18392432 18391796 18394146 18393914 18393924 18391838 18393600 18392992 18391818 25243757 18393390 18392648 18395258 18394632 18391784 18392944 18393052 18391764 18391824 18393078 18393026 18392706 18392734 18393282 18393392 18391868 18391732 18394358 18393092 18395182 18393864 18393812 18393716 18393852 18393846 18395386 18392462 18391760 18391746 18394280 18393942 18394634 18393976 18393596 18393648 18393636 18394082 18394126 18393912 18393660 18394002 18393878 18393804 18393832 18393818 18393684 18393814 18394036 18394072 18394636 18394066 18394132 18395254 18391776 18393892 18394630 18394166 18393860 18393836 18393880 18393608 18393988 18391794 18393118 18393706 18394640 18394210 18394232 18394268 18394300 18394292 18394108 18395376 18394228 18393638 18395362 18395308 18394356 18394342 18394296 11883980 18391812 11879676 11879612 18392978 18394204 18391750 11883870 18393630 18391836 18391832 18391810 18393628 18391808 18393590 18393640 18393698 18395368 18395130 11883400 11883272 18393704 18393722 18393732 18393680 18393714 18393694 18393692 11888866 18393796 18393776 11883320 18393750 18393800 18393824 18393868 18393844 18393904 18393974 18394000 18393982 18393898 18393896 18393850 18393820 18393900 18392256 18392258 18392268 11884060 11879594 11879666 18393890 18393894 18394590 18394584 18393254 18392298 18392312 18392324 18394592 18394030 18394004 18392336 18392376 11879690 11880368 11883098 11880520 11879978 11883158 11877858 18392514 18392536 18392540 11883600 11882864 11877104 11880680 18394184 18394220 18394344 18394238 18394272 11879958 11883834 18394310 18394378 18392552 18392588 11884434 11880354 18394392 18394404 18394438 18394456 18394458 18394448 18394468 11884086 18394610 18394466 18392662 18392700 18392670 11878744 11883900 18392694 18394470 18394454 18394462 18394614 11883506 11879796 11879670 18394616 18394618 18393276 18392816 18392750 18391724 11878674 18394418 18394444 18394432 18394430 11879548 18394426 11877970 11879810 11880202 11882710 11884454 11880206 11878330 11880038 11879726 11879710 11882920 11878630 11878632 11878412 11881774 11880016 11878034 11878398 11879948 11883508 11878336 11883048 11883066 11878776 11884048 11877050 11883198 11877164 11878086 11878682 11877904 11878448 11877024 11878996 11878254 11879576 11877200 11878012 11878048 11878210 11878490 11877212 11877106 11877932 11879624 11883084 11884366 11883202 11884360 11884348 11877220 11877960 11877190 11884252 11877188 11878444 11878426 11877972 11877124 11884124 11877980 11878080 11877880 11878638 11877946 11877868 11878622 11877978 11878680 11878430 11878990 11877994 11877956 11878026 11878060 11879648 11881878 11881870 11878014 11877874 11878040 11878062 11878058 11879622 11881830 11881804 11883314 11880188 11877940 11878068 11882980 11878192 11877018 11878092 11883764 11880222 11877934 11877016 11884386 11877146 11880048 935130074 11879770 11878618 11877944 11878056 11883250 11879688 11879738 11882730 11877992 11878028 11878006 11879570 11877004 11877988 11878064 11877128 11879672 11877194 11877182 11877952 11877902 11877068 11879664 11877914 11878018 11877142 11877966 11877172 11883778 11879720 11878066 11878404 11877254 11877930 11879606 11877912 11877130 11883976 11883958 11879682 11879650 11879894 11879888 11880298 11880334 11880456 11880186 11880400 11880160 11880792 11880152 11880782 11880778 11880460 11879708 11880124 11879924 11879992 11880352 11880776 11877854 11880462 11880126 11880356 11879766 11881056 11880194 11880196 11880282 11880474 11883122 11880228 11880394 11880382 11880840 11879750 11880798 11879800 11880010 11879808 11879772 11879788 11879994 11880128 11880140 11880130 11880422 11880824 11880684 11880030 11880052 11877918 11879832 11880274 11880166 11880190 11880236 11879660 11879762 11879732 11880192 11879980 11878660 11880682 11879764 11878186 11879812 11880182 11879974 11878372 11878390 11878388 11878332 11878414 11878406 11881416 11881418 11880256 11879882 11878424 11879588 11879550 11878382 11878350 11878356 11878352 11881414 11880100 11878204 11878146 11879798 11879696 11880654 11879860 11879846 11880412 11879916 11880278 11881420 11880656 11879580 11879848 11879806 11879876 11880226 11880500 11880436 11880402 11880338 11878120 11878114 11878054 11878000 11877908 11879604 11879628 11881678 11880218 11879914 11880158 11880134 11880086 11877224 11878202 11877202 11877898 11880816 11880818 11880750 11880168 11877884 11877856 11877860 11877900 11877872 11877198 11880820 11880408 11880340 11877176 11877048 11877010 11877032 11877020 11877924 11877982 11883742 11884464 11882734 11884074 11884070 11884858 11882886 11878418 11878416 11878230 11879626 11883736 11882746 11880450 11883574 11883606 11884260 11882850 11884010 11884232 11882596 11880496 11877114 11882780 11882632 11883630 11883766 11882870 11878446 11878436 11878998 11877968 11883720 11883760 11882692 11882716 11882664 11882610 11882548 11879614 11877082 11877088 11877086 11877350 11882894 11882750 11882766 11883984 11883922 11883962 11884032 11877066 11876998 11878676 11884230 11882576 11882668 11883644 11882742 11883858 11883934 11878478 11878992 11878636 11879636 11879704 11884248 11882752 11883700 11883094 11883058 11883212 11882578 11883642 11882754 11882762 11882670 11883850 11883842 11883892 11883972 11876978 11876984 11876970 11876954 11878684 11883668 11883540 11882650 11878498 11878492 11878480 11878458 11878466 11878438 11883542 11883476 11883994 11880232 11883982 11879920 11880372 11883618 11882630 11883480 11883456 11882660 11880360 11880380 11882724 11880416 11880702 11880700 11883514 11883156 11882690 11883448 11883364 11882594 11882736 11882798 11879892 11879890 11882602 11880404 11880430 11884280 11879824 11879794 11879836 11879826 11879778 11879712 11879640 11880444 11880522 11880524 11880466 11880448 11883130 11879652 11880302 11880272 11880234 11880290 11880252 11880250 11882912 11883200 11880482 11882550 11882540 11883796 11882744 11882732 11880176 11880396 11879686 11879698 11879638 11880526 11880476 11883724 11883712 11880514 11882804 11879718 11879996 11880200 11880210 11880216 11883696 11883666 11883648 11884262 11880214 11880390 11880378 11879736 11883344 11884030 11882872 11879768 11879842 11879872 11880024 11880006 11883270 11884140 11883920 11883866 11884082 11880746 11880116 11883336 11884440 11883822 11883792 11884142 11884860 11883622 11883598 11884308 11880110 11880384 11884106 11883486 11884320 11883730 11880034 11879982 11880008 11879998 11880020 11883106 11883192 11884094 11884152 11880074 11880766 11880044 11880064 11880094 11884222 11883426 11883374 11884146 11884508 11883732 11880744 11880144 11879956 11879746 11879642 11879654 11883554 11884016 11884374 11883560 11879680 11880108 11880106 11880098 11884022 11883988 11884044 11884342 11883348 11883420 11883492 11883530 11882936 11884494 11883594 11883552 11880088 11880406 11880364 11880286 11879546 11877214 11883408 11883536 11883738 11884496 11877206 11877186 11877210 11877168 11877136 11879988 11884442 11880022 11880028 11880014 11879952 11883940 11883430 11883650 11883548 11880398 11882728 11883154 11884452 11883472 11883596 11883478 11884078 11884498 11884114 11883534 11884226 11883570 11883422 11883234 11883210 11884314 11884286 11882958 11884404 11883592 11883462 11883496 11883440 11883404 11882960 11882968 11882956 11883012 11884096 11884092 11884088 11883698 11884450 11884150 11883350 11883082 11883068 11883240 11883326 11883428 11883614 11884068 11884038 11884062 11884384 11884326 11884122 11883660 11883774 11880470 11883322 11883436 11883410 11883376 11883968 11884356 11884436 11883064 11883380 11884364 11884352 11883134 11883658 11883846 11884470 11883916 11883966 11884502 11883442 11883512 11883772 11880440 11882638 11882756 11884310 11883036 11882982 11884112 11883634 11884120 11883034 11882972 11882946 11882944 11883960 11883992 11881860 11878304 11878236 11877064 11878166 11878176 11878256 11882898 11881194 11880248 11878272 11878198 11882948 11878262 11881828 11878154 11880258 11878326 11878380 11878368 11883276 11881758 11878180 11882702 11882904 11881840 11883284 11883286 11883178 11883160 11882824 11884856 11880184 11881190 11881850 11881844 11884298 11882812 11883334 11883262 11884402 11884406 11884408 11884420 11881964 11878232 11877060 11881852 11878084 11882962 11883124 11883136 11884304 11884316 11881754 11881882 11881884 11882862 11880198 11878644 11884336 11883022 11882950 11884416 11883686 11882930 11876942 11880240 11882684 11878212 11878266 11878300 11881782 11878194 11878278 11878112 11883852 11883886 11884432 11884472 11882814 11882816 11882822 11878160 11878208 11882820 11882818 11883928 11883996 11884012 11884474 11883888 11883820 11884426 11883806 11884274 11882680 11882698 11880332 11882642 11883754 11883684 11883316 11884418 11884422 11883768 11883808 11880342 11881746 11881812 11884430 11883860 11883362 11880480 11881866 11878144 11878182 11880834 11880348 11883704 11883748 11883812 11883756 11882788 11882884 11876928 11882940 11880170 11883060 11880346 11883802 11884446 11883890 11880822 11878790 11878116 11883144 11882636 11883898 11883930 11884462 11883924 11883970 11884480 11883954 11881868 11878174 11880276 11883612 11884444 11883458 11880318 11882832 11882896 11883974 11884004 11883998 11884064 11884040 11884484 11881858 11880284 11881740 11881832 11884486 11884488 11883692 11883688 11882890 11881766 11877938 11883018 11882922 11878666 11882938 11883152 11883148 11883438 11876994 11883434 11884438 11882988 11883044 11883062 11883086 11882996 11883116 11883502 11883582 11883734 11883678 11883896 11884266 11882840 11882856 11882878 11882990 11883032 11880512 11883056 11883538 11883566 11884390 11883176 11882860 11882580 11876988 11883194 11883878 11883174 11883184 11883208 11884244 11883308 11883288 11876982 11884328 11883190 11884214 11878270 11878346 11878324 11878376 11877876 11882826 11881712 11876992 11876990 11881692 11878702 11878686 11883332 11883382 11882830 11883090 11878692 11881680 11878096 11881690 11878214 11878238 11877002 11878264 11882794 11883096 11883168 11881698 11883028 11881706 11881718 11881730 11878268 11878334 11878354 11881808 11881778 11884854 11880432 11883000 11883010 11877348 11883042 11883180 11881728 11881736 11881738 11878042 11881136 11878328 11878400 11878410 11878370 11881172 11878994 11882964 11882764 11882722 11880370 11880392 11880424 11878656 11878422 11881846 11882726 11882844 11882694 11880484 11880486 11880852 11881816 11878476 11878678 11878488 11878670 11876924 11876962 11881872 11882626 11882522 11882554 11882552 11882738 11882784 11878668 11878464 11878468 11881700 11881726 11881722 11882906 11881422 11883120 11880434 11882848 11883150 11884234 11877058 11881776 11881824 11876920 11876940 935130072 11883186 11883306 11882978 11878104 11878700 11883252 11883296 11883110 11883014 11883214 11881132 11883076 11882966 11882800 11882712 11880518 11880504 11876996 10170602 11884868 11880902 10170598 11881378 11880912 11880918 11880922 11880932 11884792 11880950 11880954 11881976 11878962 10168180 10168214 10170536 10168398 10168568 10169766 10170622 10169860 10168258 10169538 11878934 10170098 10169568 10169620 10169722 10169696 10169558 10167824 10170456 10169520 10169600 10168210 10168166 10169550 10169572 10167944 10171194 10167786 10167782 935130052 935130051 10168086 10170044 10169642 10169820 10169780 10169768 10169796 10169850 10169814 10169830 10168098 10168102 10168094 10168216 10168208 10169736 10168266 10169828 10169822 10170666 10170530 10170544 10170566 10170586 10169824 10168278 10168310 10168288 10169818 10169742 10169692 10169688 10169598 10169622 10170450 10168342 10170662 10168298 10168300 10169848 10169854 10171192 10169778 10170440 10169788 10169772 10169758 10169872 10171168 10169864 10169798 10169746 10169726 10169774 10170664 10169870 10171156 10169744 10169748 10169764 10169666 10169878 10168218 10169646 10168330 10168262 10168206 10168302 10168320 10168230 10168250 10171188 10168358 10169842 10169792 10168582 10169422 10169408 10169450 10169404 10171190 10171166 10171154 10171198 10169522 10169866 10169836 10168028 10170416 10169376 10169322 10170010 10169360 10169380 10168186 10168136 10169658 10169844 10169826 10169832 10168404 10169336 10171206 10170056 10169632 10170094 10170102 10168084 10169754 10167910 10169340 10167998 10168036 10168090 10168118 10168120 10168082 10169328 10167968 10167934 10169350 10169366 10168256 10168438 10167790 10168012 10167866 10168104 10168142 10168152 10167906 10169368 10169354 10169382 10169394 10169398 10169386 10169444 10167806 10167974 10170480 10169406 10169412 10169862 10169416 10169428 10169486 10169582 10169334 10169326 10167832 10167808 10168378 10170448 10170558 10170540 10170482 10170486 10170522 10170548 10170568 10170610 10169472 10169392 10170638 10170628 10170528 10170512 10170550 10168352 10170596 10170562 10170554 10170594 10170616 10170468 10170494 10168400 10170464 10170458 10170462 10169352 10167780 10167904 10169650 10169330 10172870 10168280 10168274 10168588 10168188 10168070 10169318 10169308 10169310 10168340 10170446 10170578 10170624 10171220 10171216 10170434 10170008 10168200 10168198 10168158 10168088 10168096 10168160 10168220 10171222 10171196 10169618 10170634 10170626 10170612 10167966 10170672 10169624 10169660 10169640 10169644 10169648 10170618 10170640 10170534 10170620 10170046 10169506 10169528 10169514 10169512 10169504 10170496 10170428 10170414 10170096 10169554 10169500 10169614 10170452 10168368 10170410 10168366 10169532 10169424 10169436 10169494 10169482 10169484 10167800 10167802 10169508 10169476 10169510 10169524 10169458 10169460 10167792 10168164 10168176 10168576 10168574 10169710 10169462 10169442 10169756 10169432 10169430 10169480 10168590 10169358 10169364 10168148 10168286 10168224 10168190 10168570 10167788 10170100 10168212 10168110 10168030 10168080 10167996 10167972 10171218 10170564 10170636 10170674 10168372 10170422 10169344 10168062 10170406 10168382 10170420 10168346 10168290 10168264 with 1 link
3 most connected regions:
18423221 18415613 18415657 with 5 links
