Neighbour list object:
Number of regions: 5401 
Number of nonzero links: 10854 
Percentage nonzero weights: 0.03720844 
Average number of links: 2.009628 
19 regions with no links:
3983692 3986188 3983736 3984784 3986252 3986256 3984730 3985494 3986118 3984776 3883260 3885604 3885142 3882434 3885782 3886118 3923963 3924423 3920695
Link number distribution:

   0    1    2    3    4 
  19 2070 1207 2050   55 
2070 least connected regions:
3981732 3986370 3981482 3981506 3981706 3981588 3985218 3982140 3981580 3983960 3984132 3986382 3985998 3984182 3984348 3983780 3983148 3982082 3981636 3981954 3985230 3981122 3981984 3984364 3982736 3983372 3982984 3983456 3984252 3981896 3981170 3984076 3985842 3981974 3982996 3985198 3982708 3984186 3983580 3983726 3985240 3984286 3986242 3983318 3981724 3984476 3984250 3983192 3981622 3983586 3980234 3982990 3983070 3983098 3986460 3981046 3985448 3986170 3981406 3983186 3983142 3983102 3983126 3983080 3983118 3983130 3983164 3983288 3983440 3984520 3983092 3984518 3983368 3983348 3983322 3984554 3983332 3983222 3981436 3986004 3983224 3983240 3983258 3983242 3984482 3984488 3984734 3983514 3983860 3983938 3984466 3984464 3984038 3981416 3984462 3984458 3983302 3983290 3984496 3983202 3984104 3984306 3986246 3981806 3984304 3982780 3984200 3985186 3983246 3983958 3983172 3983344 3983650 3983724 3984136 3985978 3986064 3986114 3983176 3983782 3983796 3984568 3984578 3984612 3983570 3984062 3983212 3983702 3983682 3984576 3984562 3984574 3984610 3983150 3984112 3984566 3984066 3983474 3982800 3983140 3983494 3983560 3984628 3983160 3984732 3983094 3983558 3983488 3983512 3983568 3983686 3983600 3982898 3982686 3982678 3984532 3983064 3984350 3982732 3983122 3983128 3983616 3983230 3984068 3983818 3983620 3983438 3983666 3983762 3983674 3983084 3983764 3983664 3983654 3983756 3983754 3981674 3981668 3981442 3980140 3984556 3983210 3983596 3983556 3983528 3983470 3983508 3983534 3983154 3984432 3983552 3983430 3983722 3983720 3983806 3983834 3983540 3984216 3984008 3983716 3983446 3983758 3983928 3980138 3981096 3983522 3983524 3986236 3983858 3984020 3985782 3985834 3984202 3986248 3984204 3980166 3983946 3984110 3984126 3983578 3983564 3984452 3983866 3980132 3981104 3981140 3981148 3981144 3981154 3982088 3984014 3983530 3983592 3983590 3983462 3983898 3984258 3984206 3983410 3983498 3983566 3983444 3986272 3986262 3986264 3986260 3983708 3983768 3984074 3984106 3980130 3981278 3986282 3983738 3983822 3983794 3984360 3984512 3983460 3986284 3983158 3981756 3983718 3985868 3982064 3986040 3986468 3985746 3981290 3983036 3983032 3986300 3980034 3986082 3981274 3981312 3985804 3983982 3984088 3984100 3984598 3984190 3984584 3984580 3985852 3986352 3983048 3983166 3981420 3981450 3981094 3985066 3985210 3981850 3982806 3985864 3985114 3985226 3984228 3985760 3982926 3982940 3980568 3980562 3980044 3980046 3981286 3985890 3985906 3985916 3985770 3980560 3982858 3985938 3982106 3980174 3981306 3986278 3986270 3984604 3982918 3981432 3984220 3984288 3984278 3986276 3981250 3981452 3985856 3984590 3983996 3984046 3984570 3982058 3981544 3981508 3983466 3983388 3983286 3984426 3983324 3983402 3980032 3986344 3984296 3982268 3984592 3983952 3982826 3982820 3982838 3982796 3982794 3982676 3985914 3986250 3986052 3981110 3980148 3982668 3981042 3981052 3982626 3986164 3986174 3986092 3985904 3985988 3981372 3981252 3982642 3982650 3982622 3982614 3981336 3981388 3985972 3985892 3982066 3981334 3981134 3981260 3982602 3982590 3982588 3980578 3981370 3981434 3982126 3986472 3983968 3981952 3982070 3980576 3982790 3982788 3982804 3982802 3982674 3986132 3985980 3982266 3983088 3982068 3983226 3984214 3984160 3981378 3981376 3982272 3982104 3984314 3984630 3984238 3986128 3981208 3980036 3983308 3984456 3984418 3983228 3981412 3982662 3982718 3982264 3981072 3983060 3983044 3982762 3982764 3984362 3982710 3982744 3983194 3983106 3983108 3979982 3980232 3980102 3980002 3980006 3980028 3980010 3983004 3982756 3984366 3982734 3982778 3982750 3982728 3982702 3982772 3981294 3981076 3981084 3981082 3981060 3980038 3980040 3980194 3982798 3982988 3980182 3982860 3982946 3982906 3982766 3982876 3982880 3982868 3982760 3982942 3983116 3982972 3980184 3981234 3980048 3985976 3985960 3985254 3982998 3983024 3983112 3981090 3981092 3982944 3982992 3982680 3982712 3985244 3985282 3985214 3985222 3985132 3985196 3985908 3985884 3985918 3985194 3985156 3981058 3984414 3985840 3984622 3985962 3982982 3983206 3984500 3982638 3985750 3984222 3984194 3980972 3981024 3983016 3983382 3982722 3984188 3985306 3985312 3985324 3985338 3985366 3985336 3985204 3982026 3982724 3982730 3981018 3981026 3982262 3984586 3984092 3981232 3980114 3980058 3980176 3981066 3985334 3985360 3985318 3980180 3984402 3983022 3983014 3984384 3981056 3982658 3984144 3984582 3984564 3983936 3980200 3982986 3983196 3982912 3982828 3984398 3982670 3982072 3980124 3980160 3984152 3984178 3984248 3985824 3985822 3981004 3980998 3982934 3980996 3983970 3983972 3982076 3981000 3979986 3981166 3982086 3981186 3981224 3981206 3983496 3983510 3986006 3985320 3986476 3982022 3985122 3985124 3983008 3985416 3986108 3982014 3985420 3983028 3983042 3984522 3985484 3984542 3986190 3986178 3985164 3985172 3983170 3983208 3986012 3982928 3982970 3983618 3983002 3982978 3984386 3982958 3983012 3982930 3982968 3983376 3983380 3983378 3985438 3986474 3986096 3986080 3986302 3985982 3983386 3984448 3983216 3983144 3985144 3984450 3982024 3985080 3985236 3983018 3983046 3986014 3986324 3986038 3986308 3983076 3982950 3983370 3983472 3985444 3981630 3985288 3980156 3981670 3981626 3981596 3985990 3983052 3981592 3981576 3981556 3985150 3981514 3986332 3983484 3981550 3981548 3981498 3982130 3986024 3986106 3983538 3980104 3981500 3981480 3981478 3981456 3982112 3981428 3981426 3986008 3985386 3983040 3983428 3981616 3981764 3980150 3984044 3983544 3983634 3983630 3981404 3986090 3984444 3984442 3985418 3985930 3982102 3981316 3982270 3981602 3986060 3986036 3986048 3984440 3985406 3985208 3983728 3983542 3986032 3984504 3984636 3984480 3986148 3986150 3986152 3981300 3981266 3981268 3981198 3981184 3981202 3983396 3984470 3982850 3981248 3980026 3980030 3979992 3979990 3983546 3983034 3979998 3982864 3982792 3982700 3982696 3982632 3982646 3982648 3982746 3981164 3979984 3986166 3981494 3985154 3985178 3985200 3982124 3985302 3981956 3981972 3985262 3980978 3980964 3981946 3985488 3981410 3981606 3981838 3981708 3981738 3981758 3981778 3981790 3982132 3985478 3981518 3985148 3981830 3981826 3981886 3985068 3985176 3985098 3985266 3985350 3985362 3986470 3981530 3981528 3984070 3985342 3981840 3981922 3981908 3984054 3984036 3981924 3982020 3985096 3981750 3981742 3981476 3982138 3981502 3985182 3985482 3984120 3983814 3985330 3985228 3985190 3985578 3980190 3981440 3982000 3985142 3985486 3981816 3981394 3981520 3985110 3985582 3981684 3981898 3981938 3981734 3980192 3985232 3985496 3982116 3981884 3981856 3981812 3981824 3985234 3985498 3981538 3981382 3980144 3981930 3981746 3981582 3981568 3981874 3981380 3982136 3981484 3986156 3986160 3984116 3981700 3985812 3981472 3981424 3981422 3981820 3985454 3981620 3981730 3986478 3986194 3981648 3981832 3981762 3981610 3980276 3986180 3985462 3985430 3982160 3981902 3981392 3985296 3985272 3985580 3985270 3986356 3985434 3985354 3985356 3981960 3981942 3984548 3983802 3983844 3981744 3981402 3985220 3985328 3985390 3985412 3981628 3982742 3982834 3984268 3981720 3981958 3980134 3981918 3981532 3981430 3985088 3986056 3985538 3981318 3980320 3984352 3980050 3985450 3981650 3983892 3984724 3981916 3985074 3980178 3983392 3980342 3982228 3981688 3981256 3982006 3982784 3981798 3981644 3882242 3986026 3984514 3881996 3986502 3986490 3984428 3982166 3882928 3984040 3981218 3981754 3981980 3984600 3984596 3983652 3981608 3981658 3981664 3981236 3984164 3984098 3983950 3983926 3983878 3981240 3981228 3981338 3981364 3984684 3981892 3983750 3983886 3983820 3983908 3983978 3984688 3881746 3881878 3885638 3885902 3881924 3885432 3882382 3882264 3885508 3885218 3885164 3882314 3883094 3882828 3885320 3885470 3882810 3881694 3881718 3885048 3885374 3882476 3882316 3882622 3882522 3882482 3883134 3886068 3883050 3882826 3885086 3882552 3885400 3885520 3885506 3885498 3885460 3885420 3883364 3882238 3883036 3883288 3882872 3882898 3882800 3882570 3885398 3882786 3884984 3884982 3885028 3884902 3885206 3885136 3883674 3883086 3881874 3882540 3883422 3881922 3885754 3885246 3885368 3883388 3885132 3885186 3883336 3885208 3885212 3885188 3883574 3883312 3885236 3883250 3883358 3886064 3882044 3882096 3883688 3883436 3881772 3882152 3883448 3882900 3882674 3885286 3882708 3881826 3882654 3885318 3881788 3885362 3886076 3883096 3883298 3885534 3882094 3882090 3881784 3883670 3883252 3883666 3883146 3883060 3882926 3883054 3883016 3881770 3882692 3882668 3883426 3883332 3883280 3883286 3882558 3881766 3881758 3883516 3882000 3881848 3882740 3883676 3883890 3882918 3882834 3882830 3882086 3882824 3884942 3885560 3883400 3883300 3885380 3885402 3885360 3885370 3885358 3885082 3885012 3884924 3883424 3883678 3882014 3883218 3885698 3885778 3881804 3883088 3883442 3883328 3881882 3885232 3885536 3882018 3881938 3883220 3883082 3881816 3885564 3885414 3883368 3882154 3883380 3882710 3885486 3884946 3885336 3885348 3885322 3886066 3885770 3882852 3883428 3883266 3885104 3883542 3881976 3881898 3881886 3881988 3883262 3885172 3882164 3882050 3881884 3883038 3883012 3882970 3882914 3882864 3883888 3882904 3882902 3883404 3882764 3882896 3885150 3882644 3883568 3883004 3883510 3883040 3883154 3883230 3886090 3883296 3885154 3882848 3882846 3882938 3883126 3883200 3883150 3883002 3883452 3885766 3885302 3884904 3882098 3882336 3885584 3883020 3882430 3882142 3885338 3883208 3882104 3883226 3884896 3882084 3883420 3884900 3884906 3882144 3882454 3881786 3882372 3882662 3882632 3881982 3882224 3883606 3882504 3882500 3882400 3882502 3882634 3882534 3882614 3881760 3883556 3883190 3883234 3882664 3882736 3883412 3883202 3883608 3882506 3882788 3883664 3882592 3882462 3882418 3882310 3881858 3885756 3882980 3882854 3882724 3885088 3882278 3882272 3882244 3882288 3882286 3882308 3882862 3882774 3883650 3881796 3885120 3885084 3883654 3882448 3882192 3883196 3883024 3883502 3881736 3883164 3882738 3883026 3885760 3882040 3881818 3881936 3885100 3882776 3882660 3881752 3883162 3881802 3881812 3881810 3884852 3881944 3883390 3882994 3882650 3882566 3881756 3881822 3881708 3881700 3883078 3883662 3882822 3883886 3883310 3885106 3882370 3883580 3883530 3881724 3881940 3881952 3881910 3881904 3881942 3882026 3883534 3881696 3882814 3882986 3882988 3883684 3882196 3883578 3881712 3882960 3883874 3883876 3882138 3883318 3883600 3883612 3882922 3881728 3883582 3882240 3882962 3882998 3883142 3881866 3883508 3881900 3881964 3885116 3883602 3885080 3885006 3881986 3882274 3882292 3882268 3885026 3885062 3885014 3882010 3881960 3883594 3882206 3882132 3882134 3883892 3884970 3884930 3881912 3885108 3883628 3882528 3882672 3882816 3883554 3883104 3883112 3884932 3883878 3882246 3882468 3883880 3882106 3882840 3883576 3883210 3882346 3882312 3885418 3885384 3885378 3885076 3882996 3882782 3882150 3882168 3885430 3885446 3885490 3885514 3885528 3883290 3883034 3882236 3883192 3882576 3882422 3882302 3882184 3882258 3882074 3881840 3882688 3883620 3882068 3883246 3882568 3881880 3882406 3882404 3882726 3882760 3882798 3882630 3882580 3882646 3882802 3882658 3882666 3883624 3883614 3882750 3883540 3883538 3884888 3885044 3883598 3882234 3883584 3882170 3882198 3883644 3883882 3882716 3882046 3882130 3883316 3883240 3882162 3883640 3882758 3882444 3882200 3885620 3885666 3885688 3883532 3882080 3882022 3883562 3885220 3882498 3883348 3882214 3882220 3881890 3883550 3881888 3881894 3881954 3881974 3882532 3882496 3882446 3882250 3884870 3885692 3882894 3881820 3882974 3882722 3882732 3882604 3882076 3883320 3885254 3882486 3882656 3883244 3885796 3885642 3885636 3885686 3885682 3882954 3883546 3882754 3882762 3883256 3883352 3924645 3885634 3883636 3886010 3885570 3885574 3885580 3885582 3886072 3882784 3882796 3882586 3882060 3881916 3882820 3882744 3882734 3882752 3882062 3885558 3885596 3882680 3882712 3883638 3882868 3882858 3882836 3882770 3885610 3883752 3882718 3883646 3882596 3883630 3882330 3882870 3882766 3883758 3885098 3882284 3883044 3881782 3881734 3881750 3881710 3883894 3882684 3882352 3882876 3883884 3882882 3882426 3882282 3881852 3881774 3881790 3881792 3885312 3885238 3885040 3883342 3883340 3885494 3885146 3885450 3885134 3885466 3883494 3883382 3885738 3884912 3884976 3885920 3885476 3885516 3885544 3884990 3885032 3885272 3885298 3885502 3885440 3885940 3885030 3884934 3885050 3885772 3885260 3885428 3885284 3885332 3885504 3885512 3885788 3885540 3885354 3885328 3885326 3921223 3923975 3886070 3884920 3885482 3885530 3885704 3925101 3885860 3885178 3921607 3885656 3885422 3885478 3881726 3886062 3885244 3924551 3885542 3923049 3882324 3882322 3882304 3885240 3885170 3881704 3883430 3883396 3883008 3883130 3883180 3883276 3885480 3885462 3886104 3883354 3882306 3882396 3885308 3924635 3882194 3882148 3884884 3920755 3922163 3923957 3922033 3922041 3922039 3921999 3922001 3921769 3924449 3922277 3924455 3924459 3921761 3921781 3921787 3924441 3924425 3924451 3921723 3921837 3921803 3924457 3924461 3922005 3922045 3922117 3922107 3921807 3922509 3924659 3922927 3923999 3921199 3921581 3922123 3922147 3922387 3922189 3922167 3922365 3921873 3921801 3924207 3924035 3922081 3922103 3922111 3922121 3922145 3922153 3921931 3885794 3922057 3885616 3885612 3885652 3885974 3920655 3885552 26926387 26926371 3885700 3883398 3924417 3885710 3921899 3922055 3922017 3922407 3922267 3922921 3923021 3921883 3921907 3921885 3921895 3921611 3923265 3924395 3924413 3924521 3921729 3922347 3923215 3921985 3921695 3921693 3923189 3922023 3922849 3921517 3922157 3924969 3924985 3925123 3924523 3924519 3924325 3922343 3924323 3921925 3921989 3924313 3921997 3922371 3922959 3921975 3921751 3924293 3921785 3922915 3920533 3920535 3923025 3923267 3921641 3923161 3924255 3921969 3921765 3922911 3923945 3923951 3922285 3922289 3922293 3922421 3921699 3923993 3921203 3922841 3923151 3922419 3922417 3922415 3922275 3922279 3924327 3924667 3922281 3922243 3922179 3921495 3925027 3922165 3924245 3921937 3921957 3922183 3922195 3922213 3922207 3922219 3922401 3920573 3922945 3923209 3924247 3922353 3922397 3921905 3920619 3920687 3920679 3922295 3922235 3922239 3921197 3924067 3924065 3923981 3922249 3922253 3922259 3922261 3922265 3920541 3924211 3924177 3924565 3923991 3920551 3920561 3920575 3920563 3922297 3924157 3924011 3924401 3924393 3924341 3923969 3921915 3922251 3922231 3922199 3922093 3922077 3922063 3922129 3922173 3922191 3922205 3924173 3924171 3922513 3922399 3920597 3924023 3924025 3922351 3921663 3923979 3923149 3922403 3921875 3921733 3921703 3921713 3920715 3921995 3923027 3923061 3923081 3923089 3920523 3920525 3921603 3921655 3921639 3921775 3921877 3921973 3921963 3921497 3922865 3921523 3921559 3921691 3921737 3921759 3921575 3922349 3920605 3922515 3921767 3921779 3923117 3923113 3923141 3920581 3920589 3920657 3920539 3921951 3923139 3922847 3921617 3920699 3921949 3921525 3924047 3924015 3921645 3920711 3921595 3921587 3921569 3924037 3924027 3924497 3924493 3924495 3920709 3920691 3921539 3921589 3920565 3921545 3920647 3922031 3922923 3921537 3924153 3924155 3923125 3924215 3924271 3924383 3920701 3920545 3922931 3921509 3922019 3924381 3924671 3922853 3924629 3920595 3922985 3922993 3923045 3924217 3923009 3920693 3922867 3922383 3920615 3924669 3924369 3921563 3921531 3922947 3921681 3921705 3921921 3923015 3924273 3924357 3924283 3924213 3922881 3921755 3921821 3921629 3921903 3924151 3924147 3924169 3921811 3921721 3921689 3921829 3921833 3920531 3922381 3920617 3923127 3921913 3924159 3921667 3921627 3921673 3921651 3921625 3924977 3923109 3922083 3921609 3921635 3921669 3922887 3920697 3921911 3921791 3920611 3921487 3923261 3922511 3921583 3923097 3922859 3920677 3924063 3924117 3924073 3922933 3923143 3924987 3923159 3924259 3885658 3925113 3925095 3924319 3924183 3923137 3924103 3924129 3924491 3924045 3924303 3925103 3925043 3924051 3922913 3924421 3924389 3924387 3923197 3924219 3924665 3925045 3925167 3923959 3924231 3924309 3925067 3925049 3924137 3925165 3924235 3923967 3924611 3923031 3924163 3923105 3923203 3925119 3922941 3923973 3924019 3924435 3923201 3923055 3925083 3923051 3923093 3921571 3923989 3885622 3924029 3925093 3921819 3923263 3920585 3924663 3920613 3923185 3923187 3925039 3925079 3920571 3924143 3924081 3924111 3885606 3920631 3920649 3920761 3922227 3922395 3925145 3922393 3923073 3923057 3923183 3924135 3923163 3924205 3924287 3922983 3925063 3920681 3920717 3920713 3920669 3920765 3924005 3924087 3923955 3922951 3922127 3922085 3924227 3923213 3924333 3924317 3924285 3924241 with 1 link
55 most connected regions:
3986046 3981690 3981188 3985854 3985772 3984162 3983454 3983174 3983798 3986104 3983694 3983330 3985866 3984748 3983452 3985996 3983940 3984016 3985924 3983786 3983832 3983964 3985778 3983656 3985850 3981210 3981344 3980170 3980090 3981022 3985928 3980272 3985106 3882768 3883100 3882280 3882524 3882042 3882490 3885464 3884986 3885344 3885174 3885556 3885386 3882704 3882936 3925035 3922379 3925021 3922089 3922893 3922905 3922151 3924161 with 4 links
