Neighbour list object:
Number of regions: 18570 
Number of nonzero links: 36912 
Percentage nonzero weights: 0.01070394 
Average number of links: 1.987722 
64 regions with no links:
3820357 3820171 3820935 3820929 3820679 3822309 3822319 12997570 12999684 12999056 12998236 12999372 12998014 12995446 12998180 12997776 12998100 12997996 12999112 13153069 13153027 13152855 13153525 13153651 13156155 13153981 13154281 13156367 19463970 19463958 19463932 19463972 10924295 19455743 19455431 19452037 19454295 19454159 19453723 19454141 19453241 19452913 19451979 19452943 15431688 15431686 15433634 15433386 15431434 19440187 19443271 19439341 19415507 19414273 19414475 19414773 19414477 19415211 19417853 19416917 19417421 15421387 15424351 15417891
Link number distribution:

   0    1    2    3    4    5 
  64 7206 4254 6987   58    1 
7206 least connected regions:
11050844 3823917 3822377 3823425 3818737 3821305 3823567 3822479 3820103 3822627 3823521 3822799 3821145 3819523 3820009 3819411 3820555 3819177 3820613 3820155 3818797 3820787 3818973 3824001 3820129 3819715 3821283 3819023 3824235 3818641 3823517 3822303 3819277 3819629 3821737 3819587 3823967 3820723 3820919 3819469 3820089 3823345 3819603 3822617 3820535 3820427 3821753 3821755 3820653 3822883 3819297 3822929 3822739 3822823 3822939 3822613 3819041 3822439 3823133 3821749 3821745 3821739 3820189 3824243 3822597 3820683 3824245 3824247 3824241 3822285 3819601 3822605 3820391 3820493 3820263 3820503 3820587 3820061 3823399 3823263 3823005 3820113 3824239 3823469 3823421 3820839 3818923 3822725 3820011 3820313 3820069 3820143 3822735 3822385 3823361 3823487 3823365 3823371 3823403 3821381 3822609 3824093 3822635 3819761 3820917 3822579 3822539 3822869 3823269 3823035 3823253 3820119 3820165 3822745 3822723 3822695 3819713 3823287 3823261 3823961 3822737 3819753 3819751 3820181 3822719 3822779 3821383 3823183 3819897 3819899 3823135 3823239 3823319 3823317 3823137 3822507 3819963 3823259 3823171 3823329 3822547 3822375 3819971 3820881 3820877 3820205 3822341 3822715 3822955 3821757 3822281 3823367 3823203 3820193 3819955 3822713 3820437 3819949 3819947 3820045 3820145 3822971 3822387 3819901 3819953 3822751 3823205 3820473 3822977 3820441 3820505 3820107 3820585 3820733 3822455 3819841 3823987 3822649 3822865 3820529 3820539 3821309 3820667 3820687 3820065 3820615 3822801 3820923 3818733 3818763 3818711 3820773 3818611 3820001 3820015 3822357 3819783 3820369 3823199 3823233 3820599 3820785 3818653 3818655 3818701 3818613 3820221 3820239 3820909 3820901 3819957 3819977 3819699 3818657 3820903 3820289 3822983 3823091 3818643 3818781 3818837 3818651 3818631 3820763 3822903 3822787 3822871 3822781 3822693 3819625 3823257 3820385 3818675 3818915 3821369 3818913 3821373 3823045 3819775 3820067 3818731 3818801 3822793 3822395 3819821 3819609 3819123 3819061 3819063 3818647 3822747 3818847 3818897 3820033 3819331 3819691 3819273 3820809 3819007 3819005 3818799 3820869 3819649 3819805 3819839 3819829 3821379 3819517 3819845 3819741 3818975 3819245 3819209 3819091 3820711 3818625 3818903 3818751 3818745 3818829 3818649 3821371 3818911 3823941 3822623 3822601 3822573 3822571 3822559 3822437 3819013 3818809 3818741 3819127 3822431 3818645 3818891 3818977 3819019 3819465 3819447 3819349 3818953 3819157 3818867 3818933 3822475 3822491 3822513 3822337 3821377 3818811 3819193 3819107 3822311 3822429 3819055 3820783 3818929 3818965 3818827 3818887 3820855 3820795 3818813 3819217 3819255 3819281 3819149 3819197 3818943 3818963 3818791 3820545 3819233 3818691 3822545 3822519 3822625 3822685 3818679 3818725 3819097 3819759 3819227 3819099 3819075 3819029 3819011 3819037 3818861 3818771 3820803 3819165 3819133 3822641 3822729 3822703 3822707 3822769 3823983 3820827 3819267 3819945 3819153 3819163 3819191 3818689 3819607 3819569 3819575 3818959 3819305 3820835 3819167 3819185 3819307 3819369 3819303 3818999 3822797 3823959 3819339 3819357 3819441 3819481 3819475 3819599 3819453 3819831 3819703 3819651 3819657 3818937 3818925 3819545 3822759 3822789 3822843 3822829 3822591 3822033 3820813 3820959 3819083 3819633 3823015 3819563 3819551 3819557 3819525 3819031 3819017 3819671 3819685 3820581 3820525 3820491 3820347 3819605 3819077 3819203 3819593 3819555 3820077 3820457 3820361 3818769 3818985 3819027 3820501 3819253 3819241 3819663 3818987 3819323 3819295 3820161 3819335 3819749 3819627 3819487 3819361 3822897 3819743 3819223 3819207 3819239 3821375 3819003 3818941 3819577 3819719 3819589 3819885 3819325 3819665 3819359 3819485 3819503 3819527 3819471 3822891 3818949 3819961 3819875 3818917 3818855 3818777 3818719 3818639 3818659 3818705 3819355 3819321 3819231 3819615 3819579 3820825 3818831 3819507 3819397 3819423 3819111 3819051 3819131 3819985 3820047 3821073 3819639 3819271 3822853 3823979 3818723 3818713 3818683 3818637 3819169 3820819 3819287 3822937 3820229 3818665 3820853 3819645 3819539 3819541 3819595 3819479 3822691 3818615 3819637 3819643 3819379 3819425 3821031 3819695 3819585 3820393 3820231 3823883 3820249 3819393 3824009 3820163 3820187 3819417 3823867 3823817 3823873 3823849 3823829 3823811 3823827 3820465 3820115 3820079 3823027 3819737 3819745 3819755 3819641 3820149 3820305 3819943 3819797 3819259 3819179 3819161 3823695 3823797 3823783 3823781 3823801 3819765 3820955 3818991 3820415 3819439 3819917 3820185 3819531 3819739 3820117 3820897 3820217 3820233 3818947 3819905 3819729 3819787 3819951 3820241 3823705 3823703 3820417 3820397 3819421 3819337 3819819 3820533 3820553 3820921 3820913 3820345 3820333 3820251 3819929 3820259 3823741 3823691 3818907 3819015 3819095 3819129 3824249 3823477 3823475 3823861 3822515 3822389 3822765 3823097 3824089 3823299 3823297 3823715 3823507 3823555 3823375 3823793 3820019 3820007 3820063 3823649 3823709 3823385 3822265 3822313 3822283 3823615 3824031 3823351 3822305 3823047 3823155 3823245 3823251 3823343 3823197 3823267 3820005 3823231 3823349 3819889 3823771 3823337 3823169 3823175 3821229 3823899 3823895 3824251 3824117 3823167 3823067 3820641 3820349 3823409 3824091 3823693 3820699 3823217 3823841 3823411 3823493 3823557 3823537 3819813 3823763 3823147 3823129 3823671 3822967 3820169 3821245 3820287 3819965 3824121 3823813 3823815 3823907 3824253 3822979 3823311 3823645 3822905 3824059 3823611 3823539 3824061 3824113 3823831 3824051 3820709 3820573 3822919 3822917 3820513 3823663 3824027 3823519 3823583 3823729 3820875 3823903 3823621 3820693 3822443 3822343 3822307 3820057 3820055 3823655 3820071 3821251 3823653 3822287 3823957 3823609 3823565 3823633 3822301 3820105 3820081 3820153 3820083 3819995 3820111 3823721 3823719 3820027 3820003 3823717 3823785 3822567 3823467 3823149 3822815 3822857 3824097 3823501 3823379 3823423 3822503 3822327 3820637 3823767 3824043 3820317 3822749 3820139 3822961 3822879 3823993 3822997 3822985 3823751 3823739 3822381 3822807 3822841 3823601 3823569 3819513 3819413 3819409 3822809 3820445 3820351 3820889 3822995 3823109 3823111 3823159 3820697 3822575 3820663 3822611 3820563 3819903 3819975 3819981 3820661 3820593 3820725 3820561 3820373 3822399 3823165 3823353 3823387 3823305 3823321 3823211 3823643 3823665 3822697 3822831 3822689 3822653 3819979 3820075 3823465 3822647 3823019 3819781 3824087 3820609 3820403 3824237 3823033 3820343 3820423 3820527 3822541 3822819 3822561 3822777 3823563 3822945 3822761 3823479 3824067 3823597 3820459 3820701 3822411 3819997 3822811 3822863 3822603 3820147 3820419 3820467 3820051 3820177 3820053 3820565 3822415 3820017 3823667 3822595 3820183 3823997 3822805 3822705 3822359 3820375 3820237 3820489 3820905 3822365 3822367 3822463 3820209 3820211 3822363 3822505 3822347 3820893 3822509 3822433 3822563 12999486 3822461 3820657 3820601 3822555 3819747 3819881 3822335 3822421 3823485 3820035 3824083 3822585 3820159 3820157 3820353 3820681 3822813 3822543 12995836 3819933 3822899 3822629 3820721 3820719 3823681 3823689 3823697 3823759 3822949 3818755 3818821 12998242 12999178 3818765 3823179 12998154 12998202 12998270 3823221 3823397 12999468 3824231 3823401 3823289 3823315 3820833 12999038 12999010 12999054 12998382 3823529 3823395 3823513 3824127 3823515 12998638 12998248 12998312 12998442 12999472 3823405 3823227 3823209 12998302 3822471 12997582 12998704 3823187 3823219 3823237 12998220 3823309 3823307 12998372 12999462 3823369 3823077 3823195 12998218 3823125 3823139 3819959 3821159 12998700 12998688 12999480 12999478 12998724 12999700 12997688 12999702 12999696 12999704 12999676 12997746 12998716 12998728 12998976 12998498 12998604 12999148 12998714 12998656 12997740 12999334 12999048 12998440 12998636 12998942 12995652 12995628 12999832 12997270 12997200 12997224 12997882 12999074 12999360 12999686 12998266 12999838 12995602 12996126 12997172 12997716 12999146 12998332 12998394 12998484 12998558 12998562 12998576 12998612 12998690 12998584 12995552 12995582 12997158 12997136 12998470 12998620 12998634 12998646 12998662 12998652 12998572 12998538 12998496 12998890 12995558 12995502 12995500 12998696 12999474 12998468 12995522 12998836 12998818 12995708 12995390 12997770 12997734 12997440 12998404 12999090 12997232 12997244 12997346 12995684 12997834 12997874 12995576 12999088 12999098 12995660 12995654 12995672 12999454 12999080 12998090 12996114 12998326 12997900 12997912 12997748 12998940 12997272 12997282 12995592 12998300 12995734 12995752 12999078 12997100 12997944 12999298 12995754 12997240 12997290 12998990 12998452 12997774 12998928 12995420 12998328 12997934 12997924 12997906 12997904 12995428 12995478 12995492 12995512 12998358 12998386 12995782 12997684 12995464 12997872 12997758 12997798 12997864 12998056 12997880 12997938 12998414 12997672 12997812 12997114 12997124 12997102 12997150 12997178 12996116 12995448 12998846 12997162 12997358 12997352 12997386 12997408 12997364 12995668 12996130 12998450 12998822 12998430 12997908 12998020 12999460 12995730 12995748 12996128 12998828 12995794 12997212 12995808 12997276 12997332 12997140 12995746 12998516 12997242 12998350 12997492 12998896 12997506 12997430 12997544 12997480 12997490 12995326 12995354 12998588 12998860 12995732 12995742 12995766 12995474 12995494 12995612 12998552 12998508 12998482 12998462 12997256 12998400 12997434 12997382 12997452 12997468 12999092 12999096 12998412 12999116 12999108 12998480 12995398 12995482 12997116 12995866 12997508 12997606 12997782 12997732 12999464 12999082 12999456 12997878 12997536 12998214 12997666 12997668 12997628 12995316 12995812 12995810 12998934 12995820 12997638 12997654 12997174 12997622 12997712 12997780 12995822 12995480 12998244 12997560 12997592 12995320 12997198 12998396 12997718 12995956 12998534 12998554 12998282 12998132 12997206 12995704 12997516 12995336 12995328 12998984 12998012 12996122 12997700 12995548 12995566 12995388 12995394 12997104 12997616 12998078 12998076 12997510 12997710 12997534 12998036 12997562 12997502 12997486 12995430 12995472 12997160 12997518 12999000 12999006 12995366 12995368 12997708 12995590 12997596 12997414 12997450 12997374 12995584 12997554 12997692 12997656 12997348 12997456 12998920 12995710 12995772 12999324 12997648 12995648 12997314 12997318 12997320 12997144 12995636 12995640 12995630 12995376 12995516 12998968 12997976 12995632 12995714 12996118 12997806 12997360 12998922 12995378 12999294 12997368 12997384 12997398 12998882 12999446 12995724 12997252 12995534 12998852 12997868 12998560 12999476 12995340 12998528 12999124 12998502 12999004 12997940 12995662 12997816 12998972 12995384 12997928 12998122 12998096 12999032 12998500 12998926 12998938 12998944 12998474 12998426 12998368 12998356 12995690 12998996 12998924 12999448 12999026 12998042 12999330 12999012 12998066 12997742 12997860 12998954 12997636 12998900 12998866 12995486 12995400 12997644 12995350 12998370 12998294 12998272 12998296 12999664 12997548 12998918 12997184 12997164 12997192 12997590 12997572 12998722 12998022 12999050 12998986 12997840 12998994 12997176 12999248 12999204 12997694 12999400 12998330 12998510 12995374 12999452 12995330 12999662 12998422 12998186 12998160 12998230 12997354 12997292 12997604 12998494 12998398 12998684 12995562 12995514 12995542 12998238 12998298 12998222 12997262 12997222 12997420 12997464 12997702 12997736 12997792 12998026 12998068 12997530 12998626 12995852 12995850 12995848 12997992 12998594 12997752 12999450 12997448 12997418 12997528 12997914 12997786 12998590 12998086 12997564 12997566 12997286 12997790 12997662 12997630 12995510 12995532 12996120 12995506 12998676 12998678 12998130 12995380 12995358 12997876 12999072 12998152 12998104 12999066 12998044 12998072 12997804 12995760 12995756 12998148 12997524 12998458 12997366 12997950 12997728 12998374 12998536 12997994 12995344 12995346 12995846 12995844 12995842 12999070 12995712 12995700 12997474 12997350 12998460 12995840 12995838 12997738 12998004 12995666 12998618 12997974 12997926 12995296 12995306 12995638 12998602 12997180 12999470 12999466 12999458 12997898 12998682 12997312 12997294 13156007 12998170 12998128 12998046 12998632 12998842 12998108 12998640 12997228 12998644 12997848 12998708 12997328 12997722 12997166 12997344 12998210 12995622 12997998 12998040 12997336 12999062 12995360 12995362 12996124 12995556 12995588 12998906 13154241 13154223 13153523 13153361 13153373 13154483 13153687 13154253 13153381 13153431 13153583 13153561 13153365 13153351 13153649 13153613 13153611 13152211 13153777 13153797 13153799 13153103 13153665 13153311 13153771 13154275 13153727 13153941 13153751 12998970 12998966 12998978 12998958 13154201 13157983 13153293 13152937 13156633 13153429 13156859 13153125 13153129 13157969 13153053 13156283 13153187 13156381 13154205 13154715 13156363 13153415 13154209 13154525 13154263 13154225 13153113 13153261 13157989 13153465 13154267 13157833 13153139 13153921 13152929 13152925 13154197 13154233 13154173 13153697 13154219 13153769 13153453 13156243 13156251 13153573 13156237 13153037 13154411 13153357 13153079 13156985 13153645 13153093 13156255 13156277 13153051 13153091 13153033 13153341 13153039 13153531 13153993 13153897 13153607 13153967 13153931 13153335 13156247 13156235 13156199 13156203 13156845 13154707 13157111 13153247 13153055 13153049 13153047 13153043 13153031 13153015 13154709 13153185 13153013 13153009 13153007 13156119 13156389 13154213 13156163 13154377 13153999 13153485 13153025 13153021 13156943 13156117 13156635 13152939 13153061 13153019 13153945 13156177 13152999 13156365 13156375 13156267 13156301 13156285 13156305 13153331 13153263 13153133 13153099 13156349 13156333 13152839 13152835 13152263 13156393 13156395 13152927 13156639 13154011 13153077 13153089 13154295 13152871 13152877 13152885 13152209 13156265 13152921 13152891 13152869 13156303 13153101 13153107 13153075 13154315 13152291 13152909 13152989 13154293 13154705 13156391 13152207 13156181 13154703 13152991 13152901 13152897 13152895 13153815 13156275 13156289 13152249 13152857 13154243 13152233 13152239 13152255 13156259 13154723 13152279 13152257 13156371 13154179 13154183 13152911 13154023 13156307 13153333 13152975 13156271 13153521 13153143 13156143 13153353 13156947 13156325 13153149 13157747 13156643 13156343 13156239 13157763 13157773 13156103 13156091 13152241 13153291 13156321 13152977 13152979 13157777 13157775 13158067 13156165 13153885 13152213 13152293 13156341 13156331 13152983 13156093 13156157 13156317 13156269 13156195 13156313 13157817 13157795 13157753 13157781 13157793 13157829 13157913 13156641 13156299 13156175 13156215 13152959 13156261 13157893 13157853 13157879 13157943 13156489 13152861 13156637 13153809 13153083 13157871 13157887 13157899 13157909 13156173 13153947 13152863 13152253 13157927 13157953 13156487 13156485 13152841 13152957 13154049 13156039 13157939 13153367 13153903 13153905 13157027 13157087 13157387 13157801 13156059 13156415 13156369 13156379 13156383 13156887 13157081 13157049 13156005 13155963 13156029 13156053 13157163 13156385 13157033 13157771 13157103 13156941 13156425 13156431 13157185 13157401 13157079 13156953 13155983 13155961 13156989 13156085 13157403 13157979 13157975 13157765 13157037 13153459 13156483 13157043 13156043 13156437 13158109 13158181 13156423 13156397 13153145 13157399 13155965 13157077 13154535 13157849 13157981 13157973 13157955 13157937 13157945 13157961 13157967 13157127 13157109 13157813 13157919 13155949 13157847 13157875 13156889 13157007 13156413 13156427 13155991 13157791 13157757 13153671 13155951 13156435 13157001 13153165 13157153 13156129 13156131 13156869 13156933 13156853 13157409 13153201 13157157 13157159 13157021 13156835 13156919 13156949 13156999 13157017 13157099 13157101 13153203 13157191 13155957 13157799 13156147 13156123 13156121 13156821 13153975 13157065 13157075 13157923 13155955 13156045 13157181 13157889 13154017 13157073 13157069 13157147 13157055 13157819 13156047 13157171 13157057 13156837 13153907 13153959 13153863 13153803 13155971 13155967 13155969 13153229 13153219 13153269 13154711 13157745 13154087 13157921 13156903 13157003 13156959 13155975 13157131 13157097 13157187 13156935 13154053 13156945 13153753 13156033 13156013 13157107 13157941 13156355 13153775 13153873 13156987 13157023 13153713 13157885 13158183 13153001 13153005 13152987 13154297 13153889 13153833 13153695 13153725 13153565 13153997 13153951 13157323 13153547 13156909 13156127 13153403 13153569 13153609 13156881 13153559 13156893 13156509 13153369 13153303 13154595 13153603 13153891 13154051 13153747 13153755 13153637 13153913 13156823 13156855 13153817 13153781 13154069 13153425 13153241 13154231 13153239 13156991 13154721 13153655 13153567 13153533 13153487 13153937 13156819 13153557 13157129 13153989 13154003 13153827 13153677 13153861 13154713 13157011 13153489 13156867 13153363 13157337 13156921 13153519 13153405 13153313 13153277 13153283 13153299 13153977 13154081 13153911 13153617 13153439 13154065 13154021 13153355 13153435 13153477 13153661 13154719 13153657 13153497 13153467 13153495 13154515 13156851 13154271 13156983 13153627 13153663 13156905 13156907 13156861 13154675 13153949 13156969 13153595 13153871 13153867 13153915 13153259 13153123 13154269 13153723 13156913 13153717 13156847 13154227 13153217 13153571 13157019 13156929 13154291 13157035 13154621 13153821 13156891 13153377 13153917 13153741 13153543 13156963 13153707 13157825 13157843 13157803 13154177 13157341 13156495 13152949 13157189 13152923 13154729 13158195 10924703 19464234 19463954 10924701 19463890 19463892 19463888 10925517 10925415 13154059 13158089 19463882 19463872 19463880 19463906 13152221 19463916 19463914 19463944 19463930 19463940 13156993 13154717 10924489 10925745 10925731 19464146 10922705 19464032 19463878 19464148 19464016 19464006 10922657 10922515 19463902 19464024 10922451 10925729 19463962 19463912 19464010 19464044 19464040 19464048 19463998 19464144 19463996 19464142 19463896 19464150 10924307 19463984 13158141 13158111 19464046 19463964 19463980 19463974 19464250 19464240 19464290 10924387 10922505 10922617 10922695 10922693 19463886 19464170 10922533 19464038 10924455 10922583 10922463 10922445 10922481 10922651 19463956 19463904 19463948 10924485 10922659 10922667 10922701 10924035 10924033 19464138 10922585 19464036 19463976 10922487 10925735 10925733 10924953 10924831 10922707 10925777 10922503 10922643 10924293 10925737 10925507 10925473 10922471 10922735 10922453 10925747 10925787 10924281 10925835 10922677 10922489 10925801 10922567 10922563 10922511 10922473 10922697 10925919 10925073 10925883 10925803 10922699 10922649 10924853 10925791 10925797 10922641 10925785 10923953 10922609 10922581 10922447 10925725 10925753 10922543 10922493 10922601 10924691 10924797 10924127 10924109 10922469 10924493 10922457 10922557 10922591 10926395 10925301 10925313 10926389 10925809 10922529 10925317 10926261 10926255 10925779 10925775 10925783 10925265 10925825 10925861 10925739 10925769 10925743 10925977 10925979 10926251 10925495 10924723 10924727 10924805 10925847 10926253 10926219 10926199 10926237 10924277 10924731 10924713 10924769 10924783 10925765 10924811 10924219 10924261 10924173 10926161 10926159 10924693 10922461 10924501 10925885 10926143 10926155 10926115 10924499 10924121 10925757 10925781 10924145 10924175 10924207 10925937 10926121 10926423 10924045 10924119 10925315 10924117 10924159 10924213 10924199 10922603 10922615 10924699 10925789 10924137 10925281 19463894 10924847 10926077 10926187 10926195 10925299 10925293 10925267 10924409 10924065 10924101 10926419 10926167 10926059 10926105 10926169 10926173 10923959 10925877 10924115 10924491 10923965 10924051 10926123 10925365 10926495 10926175 10924171 10924201 10924223 10926201 10926269 10926277 10926433 10926097 10923941 10926391 10925255 10924039 10924225 10924183 10924057 10924001 10926429 10926301 10924031 10925311 10925237 10924179 10924497 10925279 10925901 10926211 10926427 10926265 10926245 10924487 10926113 10923921 10925909 10924495 10924103 10926215 10926145 10926229 10924393 19455347 10925999 10924785 10924789 10924771 10924049 10926099 10926117 10924779 10924765 10924921 10926247 10926417 10926415 10923923 10926083 10924481 25110047 10924833 10926425 10926171 10926153 10926257 10926267 10923993 10926413 10923917 10924801 10924743 10922613 10926151 10926189 10926223 10924107 10922443 10925497 10924719 10922429 10925283 10923981 10924015 10924029 10926047 10926079 10924711 10924709 10923939 10926009 10922433 10922441 10926055 10926021 10926299 10926073 10925997 10926019 10924773 10924733 10924793 10924483 10926087 10926207 10924815 10925993 10923943 10923929 10925899 10925869 10925845 10924475 10925971 10925027 10924955 10924839 10925949 10924969 10925159 10924899 10924995 10925037 10925881 10925095 10925143 10924885 10925893 10925981 10926035 10926057 10925183 10925213 10925225 10925239 10925871 10925041 10925123 10925125 10925865 10924873 10925357 10925211 10926001 10925133 10924889 10925109 10925087 10925089 10925215 10925903 10924875 10926013 10924931 10925807 10925987 10925191 10925063 10925501 10925121 10925099 10925043 10924879 10925859 10925827 10925083 10925115 10925503 10925931 10924963 10924971 10925167 10925207 10925219 10925361 10925359 10925241 10925233 10924967 10925889 10925235 10925035 10924939 10924893 10925077 10925113 10924941 10925269 10925271 10924867 10925093 10924911 10925851 10925813 10925817 10925499 19454261 19453099 10925959 10925823 10925055 10926469 10924937 10924907 10925031 10924845 10924859 10924943 10925795 19454517 10925171 10925177 10925187 10924929 19452277 10925193 10925199 10925505 10924903 10924909 10925975 19454867 19454581 19454637 19453617 19454937 19452405 19452511 19455279 19454911 19455043 19452223 19455587 19452089 19455725 19453371 19455365 19451965 19454971 19454439 19452427 10925833 10925853 10924827 10924915 19453461 19451905 19453133 19452449 19451515 19452177 19452417 19455631 19453013 19452559 19452399 19453435 19454511 19451815 19454257 19452961 19455475 19455259 19455531 19455515 19455497 19455463 19454565 19451473 19453453 19453529 19453465 19453467 19454505 19453921 19453945 19454065 19453455 19453137 19454515 19454593 19451631 19453421 19455483 19455037 19455467 19455581 19455519 19454055 19455015 19453599 19454087 19453777 19455601 19454949 19455763 19453985 19451521 19455553 19454313 19453229 19451871 19455559 19454237 19454397 19455437 19455611 19455563 19453879 19453779 19454551 19455457 19455481 19454041 19454155 19454085 19453933 19455123 19455115 19451865 19455593 19452967 19454621 19452191 19455181 19454145 19453963 19453389 19454275 19451417 19452183 19453459 19455367 19452237 19453875 19454173 19453941 19455591 19452501 19452691 19452553 19454241 19454935 19454811 19455533 19453753 19453721 19452637 19452663 19452873 19452853 19452767 19452695 19454069 19453883 19453911 19454455 19454493 19454577 19451481 19451423 19452331 19453417 19451785 19451505 19451499 19453523 19453411 19451663 19451679 19453367 19453369 19452387 19453805 19452879 19453469 19452771 19452747 19452527 19452541 19452567 19452587 19452493 19452549 19455521 19455473 19451665 19451635 19452397 19453409 19455439 19453397 19453387 19453415 19452603 19452619 19452641 19452649 19453591 19452723 19452681 19452623 19453525 19453533 19452727 19455713 19455695 19455767 19452123 19452145 19452187 19452207 19452205 19453937 19454161 19453451 19455727 19455697 19455465 19454523 19452139 19452149 19455501 19453427 19453227 19454205 19454273 19454329 19452381 19452385 19454509 19452675 19455699 19452239 19452575 19452335 19451611 19452355 19452179 19452299 19452347 19453419 19455647 19455765 19453057 19452195 19454127 19455769 19455233 19455585 19455603 19453167 19453059 19454413 19454363 19454395 19451493 19455569 19455567 19455573 19453747 19453667 19455633 19455629 19452683 19455685 19455681 19455679 19454207 19453767 19453793 19452311 19452249 19454337 19452395 19452061 19453807 19452111 19455589 19455719 19453613 19455625 19451581 19453593 19452091 19454021 19452655 19453377 19453359 19453357 19452005 19455545 19455537 19453673 19453385 19455089 19452653 19452809 19455621 19453051 19455543 19454381 19453589 19453355 19452181 19452297 19451425 19451495 19453847 19453915 19455575 19452357 19452841 19451467 19453655 19453605 19453715 19453813 19453735 19453817 19453799 19453835 19453831 19453445 19455723 19452571 19453351 19454369 19453353 19454089 19454009 19455721 19455691 19451535 19452539 19454209 19454229 19452137 19454503 19453055 19454451 19455669 19451447 19453223 19453429 19452359 19451935 19451885 19452055 19452015 19452525 19454345 19453645 19453633 19454017 19451975 19453949 19453975 19451891 19452127 19453947 19453891 19453527 19452261 19452081 19455133 19452555 19453649 19453231 19454379 19451977 19453225 19453687 19453639 19454555 19452787 19453233 19451415 19452213 19454231 19451983 19451701 19452825 19452503 19452001 19452383 19453693 19455477 19455509 19455489 19453471 19451591 19454213 19452985 19451543 19452047 19454077 19455127 19455131 19451943 19451875 19451839 19451857 19453519 19453903 19454095 19453927 19452131 19451627 19451681 19451579 19452041 19451567 19452981 19452119 19452155 19451849 19455119 19451723 19451717 19451699 19451919 19451877 19451817 19454525 19451949 19453521 19453517 19453007 19451503 19451475 19454599 19454415 19451925 19452007 19453909 19454365 19451957 19452077 19451807 19451917 19451915 19451911 19451851 19451525 19451519 19454587 19452965 19452097 19451879 19451927 19451537 19451439 19451431 19451419 19451421 19451539 19451549 19452977 19451883 19452963 19451833 19454023 19454067 19454591 19452307 19452371 19454011 19454131 19455129 19451803 19453043 19451895 19451577 19451645 19452071 19451987 19451969 19451971 19452003 19451873 19454121 19454047 19452373 19451441 19451433 19454259 19453021 19452115 19451923 19451457 19451459 19454051 19455113 19452285 19452291 19453955 19452227 19452141 19452121 19451615 19451637 19451589 19451643 19451491 19452633 19454825 19454795 19455173 19454907 19451709 19451691 19451939 19452075 19452533 19452475 19452369 19451461 19451621 19451619 19451735 19452073 19452465 19452333 19452401 19455369 19451497 19451523 19451531 19451625 19451599 19451955 19454833 19454913 19452337 19452439 19452431 19452523 19452561 19451517 19451733 19452253 19454929 19454915 19454805 19454815 19454777 19453105 19453255 19451729 19451741 19451651 19454537 19451769 19454783 19452625 19452645 19453081 19452815 19451689 19451583 19451609 19453039 19451791 19452755 19452437 19454851 19455193 19455191 19455153 19455151 19451561 19451775 19454373 19454355 19453943 19453375 19453029 19453731 19455371 19454955 19453785 19453787 19455323 19454667 19453979 19454007 19453987 19453991 19453973 19453733 19452661 19452659 19452379 19454473 19455033 19454063 19454887 19452531 19455239 19452829 19455295 19454529 19452871 19453597 19454001 19454091 19454129 19453675 19454997 19454527 19454519 19452761 19452717 19454653 19454111 19454861 19454831 19452487 19453743 19454453 19454431 19453895 19452563 19452765 19454433 19454357 19453659 19452083 19452757 19452617 19452491 19455283 19455011 19455125 19452519 19452407 19454249 19454119 19454267 19454279 19454343 19454477 19452547 19452513 19452709 19452689 19452317 19454401 19455121 19455007 19452189 19453071 19452353 19453087 19455169 19451867 19454903 19454035 19454471 19454421 19452915 19454203 19454513 19452947 19455657 19453615 19454837 19452185 19454389 19453797 19453917 19455211 19453775 19452279 19452375 19452367 19452281 19454589 19454409 19453887 19454377 19454333 19454321 19454193 19452611 19454391 19453885 19453683 19454323 19454199 19452521 19454659 15434008 19453243 19452885 19452781 19455001 19454931 19454449 19454393 19454387 19454053 19453931 19453853 19453765 19453661 15432290 19452275 19452411 19454183 19454151 19454445 19454463 19454475 19454169 19454923 19453637 19454149 19454307 19454283 19454217 19453643 19452867 19452629 19453905 19453729 19455091 19455183 19455111 19454327 19452705 19454403 19453717 19453781 19453833 19455117 19452923 19452877 19453863 19453841 19453809 19455025 19452079 19451991 19453803 19453821 19453839 19453091 19453041 19454567 19453157 19451787 19453989 19454579 19455141 19454785 19455189 19454797 19454781 19454809 19454627 19455147 19454829 19454925 19454657 19455163 19454945 19455003 19454999 19454843 19455161 19454739 19454849 19455195 19452107 19454875 19454859 19454863 19454869 19454715 19454691 19454597 19454571 19454655 19452099 19454909 19454941 19454905 19454595 19454585 19454615 19454635 19452917 19454573 19454535 19454541 19454987 19455009 19454723 19455005 19455201 19454977 19454995 19455017 19455155 15433918 19454543 15432162 19454801 19455031 19455045 19455047 19454779 19454747 19454607 15432058 15434080 15434084 19454651 15433814 19454611 15434088 19454575 15432216 15432530 19454685 19454743 19454561 19454633 19453149 19454569 19454623 19452701 19452749 19452827 19455041 15429288 15432704 15432014 15429022 15431998 15432124 15428980 15432832 15432558 15432136 15432320 15432672 15432730 15429274 15430698 15430766 15432812 15430676 15433774 19452919 15430758 15431112 15431626 15430068 15430454 15428578 15428768 15428594 15431430 15433284 15431578 15433232 15430390 15428596 15431370 15431284 15431372 15431362 15431312 15431314 15430284 15431458 15431502 15433376 15433430 15429640 15431978 15433538 15431438 15430064 15431512 15431436 15429284 15431470 15429316 15431522 15432518 15433230 15428996 15433050 15428866 15431246 15429998 15429560 15429348 15430034 15432338 15433258 15433860 15431550 15428922 15430412 15431196 15431182 15431452 15430538 15430038 15431198 15431272 15433154 15429472 15432402 15431242 15428872 15431236 15429652 15433602 15428854 15428600 15433378 15432628 15432802 15431222 15431290 15430102 15431348 15431342 15432778 15433336 15429392 15432728 15433172 15432038 15433938 15430566 15430578 15430610 15430564 15431916 15430490 15430510 15428914 15430496 15430458 15430368 15430438 15431800 15430212 15433260 15432550 15431478 15428810 15430632 15430726 15430290 15430190 15430948 15429988 15428940 15430812 15430838 15431796 15430092 15430032 15430012 15430008 15432510 15430104 15431082 15431080 15433042 15431254 15430410 15431068 15432824 15431476 15431118 15431184 15431204 15430700 15430718 15431386 15429226 15431160 15429994 15430016 15429990 15430004 15430370 15428876 15431094 15429306 15431518 15431568 15433500 15433540 15430374 15431232 15431354 15430926 15430888 15430772 15430776 15430794 15430878 15431026 15430978 15431472 15430606 15431602 15433582 15433910 15431596 15430430 15431442 15431380 15430732 15430672 15430196 15431188 15431186 15431214 15431574 15430990 15430414 15431178 15430508 15430574 15431604 15430504 15431534 15431122 15430138 15431600 15431608 15431606 15430406 15430442 15431104 15433072 15431306 15431230 15430048 15430400 15430440 15431350 15431074 15431058 15431064 15430930 15431008 15433184 15433186 15433900 15431652 15431202 15431192 15431614 15430296 15430334 15430306 15430162 15430144 15433268 15433346 15430866 15431654 15431466 15431818 15431116 15430304 15431336 15431282 15431408 15433102 15433096 15431432 15430328 15430902 15430886 15431666 15431662 15431660 15430868 15430856 15433580 15430124 15430708 15430656 15431130 15431316 15430682 15430674 15431446 15433246 15433142 15433048 15433166 15431536 15430684 15433070 15431692 15428984 15430714 15430762 15431538 15430960 15430962 15430662 15431510 15431588 15431344 15430292 15430282 15431566 15431456 15431392 15431294 15429732 15428724 15433114 15433164 15430736 15430740 15431042 15430992 15430140 15428986 15430742 15431812 15433424 15430654 15431036 15431276 15430644 15431798 15431558 15430870 15431618 15431804 15431802 15430062 15431590 15430280 15431532 15431684 15428764 15431244 15431376 15433204 15433446 15430944 15431428 15428746 15431356 15431678 15431248 15430326 15431070 15430520 15431328 15431352 15431262 15431260 15431340 15431570 15430114 15432692 15432396 15430976 15431268 15431004 15428734 15433174 15430800 15430642 15433090 15431646 15433496 15433564 15428758 15431102 15433212 15430658 15430616 15431650 15430916 15430352 15431360 15431444 15430464 15430480 15431644 15430542 15430552 15430570 15430986 15433210 15431628 15428936 15433322 15430696 15430780 15430788 15428682 15434160 15433600 15433674 15433676 15428852 15431806 15433156 15430942 15430952 15431498 15428792 15430572 15429840 15430524 15428718 15428726 15428844 15428716 15431814 15430246 15431506 15431500 15428748 15428760 15428982 15428900 15430808 15431056 15431030 15433906 15428814 15430318 15430836 15428730 15433700 15433698 15430864 15430792 15428904 15433344 15430522 15428848 15430446 15431622 15434102 15430600 15430702 15430784 15430802 15430920 15430852 15431810 15433296 15433318 15430690 15433094 15430850 15430928 15428898 15430584 15431148 15433492 15433494 15428602 15428606 15433436 15433428 15433904 15430666 15430562 15430560 15433256 15428688 15433292 15430646 15429024 15428780 15428808 15433902 15433460 15430516 15431638 15431050 15433068 15431448 15428800 15429616 15433076 15429618 15428864 15428878 15428870 15430964 15431808 15433412 15430884 15431636 15428806 15428722 15428698 15428700 15433226 15433214 15433368 15433372 15430744 15430738 15430756 15428774 15431140 15428740 15428754 15428742 15429626 15431496 15433476 15431022 15430832 15430530 15430536 15430556 15430462 15430548 15430500 15430476 15433170 15429602 15429600 15428668 15429084 15430988 15430434 15430402 15430764 15429638 15429110 15429180 15429170 15430904 15430934 15430380 15428938 15431154 15428604 15429152 15431758 15428652 15429666 15430022 15431794 15430956 15430798 15430436 15431624 15428804 15430356 15431216 15430734 15428658 15429394 15429424 15428712 15430260 15431952 15432130 15431786 15429414 15429358 15429408 15429304 15429482 15429604 15429400 15429162 15429176 15429214 15429144 15428692 15432830 15428636 15430000 15430192 15430158 15429332 15433506 15429502 15433484 15431790 15433374 15428956 15429390 15429838 15431970 15428694 15428614 15428894 15428908 15433468 15430222 15432854 15429528 15428778 15430006 15430128 15433984 15428634 15429078 15433964 15429612 15429082 15430316 15428926 15432060 15430272 15429614 15428906 15428622 15428610 15428822 15428892 15428868 15428950 15429038 15429538 15431888 15433352 15428882 15429310 15429312 15429246 15430094 15430116 15428784 15428896 15433510 15428942 15432588 15429050 15430070 15432022 15432116 15428924 15430072 15429650 15432840 15431982 15429212 15431784 15429058 15429028 15430342 15433498 15432584 15432578 15429076 15433110 15430088 15430264 15428916 15432564 15429546 15431792 15429252 15429218 15433444 15432604 15429402 15428902 15430360 15431788 15430224 15429276 15432864 15432538 15428998 15430152 15429548 15429104 15429030 15431642 15430384 15430176 15431936 15429238 15429138 15428828 15428580 15431912 15433328 15430244 15430312 15430418 15430286 15428598 15429630 15431898 15431950 15428862 15429770 15429020 15428586 15432560 15429154 15429628 15428678 15429034 15429026 15428944 15428592 15429250 15429290 15430046 15430084 15430040 15432002 15433134 15428928 15430460 15429056 15429128 15429132 15428786 15428802 15429374 15429386 15429296 15432546 15432540 15429008 15430444 15430426 15429052 15430080 15429326 15433312 15429438 15428630 15429610 15432378 15432542 15430086 15429460 15430112 15428666 15429064 15429014 15431334 15431226 15431146 15431156 15431152 15432154 15432886 15432734 15429444 15432702 15432632 15432810 15432806 15432170 15432086 15432024 15431996 15432706 15432180 15432164 15432182 15432276 15432508 15429448 15431988 15432102 15432020 15432738 15432062 15431526 15432296 15432354 15432446 15432690 15429372 15432224 15432718 15432100 15432380 15432424 15429328 15429266 15432160 15432172 15432242 15432282 15429314 15432482 15432176 15432822 15432034 15429516 15432128 15432106 15431492 15431494 15432502 15432498 15429478 15429512 15432752 15429456 15429432 15432858 15429532 15432474 15432426 15432456 15429268 15429172 15432844 15432666 15432694 15432152 15429498 15432074 15432042 15431944 15432010 15433326 15433340 15433338 15432466 15429418 15429398 15432438 15432492 15432118 15431964 15432774 15432786 15432794 15429526 15432782 15432496 15432372 15432334 15432314 15432884 15431986 15433790 15431958 15432674 15432630 15432026 15432364 15432272 15429174 15433388 15433418 15429484 15432814 15433464 15433480 15433394 15433432 15432122 15432642 15433792 15432748 15432406 15432476 15432464 15432506 15432500 15432436 15429230 15432620 15433826 15431926 15432870 15431940 15431942 15432742 15432258 15432274 15433524 19442499 15429420 15432876 15432548 15432568 15432398 15429522 15429410 15432330 15432626 15432610 15432524 15432520 15432168 15432078 15432710 15428858 15428890 15428856 15428584 15432622 15432178 15432212 15432158 15432156 15432736 15432012 15432808 15433590 15433794 15430854 19443481 15432194 15432208 15429286 15432214 15432286 15429426 15432662 15432784 19443483 15432120 15429318 15432350 15432414 15432434 15432852 15433734 15433380 15430456 15429046 15432132 15432348 15432820 15429122 15431782 15430058 15429996 15429236 15433720 15433754 15433804 15434068 15433852 15438188 15433760 15433784 15431106 15428886 19442219 15433578 15433684 15433758 15433730 15433742 19440437 15433612 15433766 15429240 15429566 15429654 15432088 15429102 15429092 15429352 15433696 15433288 15433736 15433842 15433806 15429062 15433566 15429032 15433610 15433660 15433820 15433808 15433762 15433726 15433728 15429146 15429202 15433594 15433778 15433812 15433738 15433772 15433856 15431416 15430156 15432370 15433854 15433710 15433626 15433360 15433334 15433294 15433264 15432310 15433596 15433818 15433916 15433788 15433592 15432358 15432390 15434122 15431300 15433286 15433624 15433562 15432428 19442359 15433548 15433224 15433222 15433238 15433108 15433546 15433588 15433550 15433536 15433920 15428880 15431250 15433622 15433552 15433802 15433116 15433060 15433062 15433052 15432382 15433822 19439267 15432422 15433830 15431454 15432654 15432670 15432700 15432698 15433672 15433750 15428582 15433858 15429294 15429272 19439801 19442735 19440585 19439979 19442873 19440101 19442737 19439363 19441835 19440533 19439097 19439157 19443463 19440359 19439579 19439861 19442123 19443285 19443275 19440213 19438955 19441373 19442877 15430160 19442057 19441705 19441221 19442495 19441569 19440155 19440655 19443201 19443423 19441019 19439549 19440625 19442017 19443479 19439115 19439337 19441753 19443387 19440653 19441219 19439067 19440091 19440719 19440811 19441399 19441571 19443229 19443281 19439615 19439611 19440069 19440083 19440843 19440135 19439283 19440825 19441559 19440803 19440859 19441207 19442155 19440073 19442663 19441693 19439609 19440201 19441499 19441489 19441395 19440149 19440067 19441205 19440779 19440751 19440745 19440713 19440137 19440163 19440199 19441435 19440981 19440993 19440715 19440029 19438941 19441595 19440947 19440053 19441901 19440921 19440853 19441779 19440777 19440873 19441223 19443419 19439287 19440089 19439983 19440539 19440979 19443335 19443321 19442885 19442991 19441543 19440075 19439451 19443227 19440963 19443315 19443297 19441005 19441031 19443261 19443301 19443279 19443363 19439289 19443467 19441799 19441965 19440929 19441769 19440887 19441175 19441173 19441139 19439335 19439447 19440989 19441123 19439277 19439319 19441845 19441659 19439855 19443385 19441201 19441945 19441433 19441475 19439911 19440535 19440911 19441059 19440881 19441581 19439301 19441171 19441115 19441087 19440157 19440153 19440899 19439835 19443253 19441151 19441211 19440809 19440849 19440901 19439745 19441107 19440969 19440959 19440965 19441083 19441091 19441085 19441097 19439587 19439433 19441419 19440071 19439251 19440869 19442093 19443273 19439313 19439951 19441049 19440943 19441063 19441073 19441217 19439495 19441127 19441101 19441057 19441215 19439669 19439113 19439051 19439029 19443213 19439971 19441167 19441859 19441867 19441117 19440815 19439017 19438923 19438971 19439881 19439913 19439811 19439399 19443189 19443177 19443199 19443513 19440957 19440983 19439939 19438989 19443221 19443255 19441159 19441163 19440143 19441041 19440951 19438965 19439077 19439087 19439775 19439749 19440915 19443239 19443249 19439999 19441427 19441141 19441599 19440927 19440879 19440907 19439987 19439185 19439147 19439049 19439069 19442907 19439541 19440521 19441515 19440785 19438925 19440897 19443233 19443207 19441131 19440093 19440123 19441013 19440985 19440891 19440917 19441231 19441563 19440871 19440925 19439269 19440997 19442831 19442753 19439279 19439465 19438957 19439025 19440731 19438917 19438967 19439845 19439825 19439463 19440733 19440711 19440701 19440679 19440705 19440823 19439779 19439347 19439307 19440607 19439417 19440769 19439409 19439411 19439455 19438919 19439973 19439603 19438903 19441187 19440659 19440637 19440723 19439873 19439953 19439961 19438961 19439537 19440781 19439171 19440669 19439595 19439599 19439645 19439813 19439817 19439795 19439397 19439539 19441193 19439285 19439245 19440767 19439699 19439975 19440063 19440105 19440099 19440147 19440173 19440131 19439535 19439525 19439507 19439635 19438921 19440629 19440627 19438933 19440537 19439111 19439155 19439143 19439223 19440635 19440259 19438943 19439821 19439703 19439573 19438909 19439607 19441189 19440603 19439581 19439407 19439035 19440541 19440599 19439593 19440821 19439085 19440025 19438985 19439355 19441967 19439661 19439659 19439045 19439135 19441613 19443069 19441425 19439441 19440587 19439127 19440675 19440685 19439331 19439957 19439927 19439969 19439371 19440399 19439689 19439553 19440639 19440645 19440643 19441679 19442507 19441573 19439591 19439547 19439483 19440665 19439373 19439967 19438913 19438991 19440795 19441401 19440219 19440161 19440079 19439895 19439785 19439517 19439431 19440591 19438915 19439721 19439691 19440677 19438979 19439793 19439859 19439889 19439869 19439867 19439105 19439769 19440595 19441557 19442529 19440129 19440085 19440087 19439119 19440243 19440583 19440609 19440839 19441379 19440691 19440649 19440681 19440693 19439673 19441199 19438977 19440729 19438987 19441687 19441601 19441587 19440755 19440409 19440133 19440109 19442033 19442119 19441691 19439655 19439445 19441893 19441645 19439893 19441537 19439213 19440267 19443067 19442457 19441925 19442007 19442113 19440271 19439425 19439459 19439639 19441607 19441503 19439209 19443073 19441955 19440057 19441517 19441803 19439509 19439437 19441465 19443063 19439815 19441493 19440119 19440059 19438953 19442077 19439665 19439761 19439311 19439305 19439527 19441407 19439877 19441501 19439239 19440257 19439215 19439249 19441641 19441781 19439343 19439561 19439583 19439653 19441889 19441669 19439207 19439117 19442131 19442197 19442253 19443391 19443383 19441561 19441881 19441983 19439401 19439843 19443361 19442259 19442251 19442243 19441591 19439247 19439205 19439021 19439175 19443005 19441695 19439781 19439753 19439789 19441667 19441847 19441771 19440015 19441519 19443351 19443337 19439139 19439089 19439137 19439193 19440413 19439933 19439071 19442245 19442387 19442969 19443355 19438927 19441979 19439733 19441663 19443259 19441445 19440055 19440065 19438895 19441851 19440245 19441777 19441791 19441857 19441511 19438945 19442397 19440209 19440239 19438897 19441843 19438947 19442117 19441417 19441707 19441739 19440043 19440273 19442075 19438901 19442977 19442051 19439567 19439559 19441553 19443065 19442151 19442159 19440207 19440211 19440111 19442367 19442511 19440115 19442343 19442055 19439471 19441801 19441689 19439073 19439083 19443243 19443245 19442295 19441961 19441923 19442379 19441487 19439415 19441833 19442181 19439993 19441405 19442201 19439047 19439019 19439053 19438981 19442001 19442103 19441991 19442091 19439625 19441885 19442423 19442101 19442539 19441823 19439351 19442793 19441793 19442005 19441451 19439485 19442147 19442385 19442411 19442403 19442427 19439443 19442313 19443071 19440827 19440805 19440807 19440833 19439131 19439179 19441865 19442749 19443357 19441577 19441625 19442459 19442833 19440553 19441877 19442099 19442135 19441981 19442871 25023779 19442755 19442869 19442647 19441589 19442447 19442121 19442183 19442829 19442689 19442739 19442857 19442193 19442845 19442679 19442649 19442847 19442741 19442725 19442479 19441135 19441895 19442227 19442805 19441671 19443353 19443289 19439857 19442803 19442233 19442589 19442591 19440551 19442517 19442413 19442675 19442671 19442659 19442611 19442569 19442137 19441125 19442109 19442819 19442523 19442463 19442669 19443509 19442533 19442743 19442087 19442825 19442515 19441763 19442163 19441491 19442073 19442139 19442061 19442149 19442039 19442513 19443035 19442023 19441619 19442145 19442127 19442497 19442545 19442839 19442059 19442035 19443209 19443197 19442653 19442715 19441815 19442079 19442607 19442095 19442281 19442229 19442105 19442437 19442553 19442571 19442015 19442133 19442487 19442687 19441505 19442143 19442195 19442723 19442729 19442667 19441149 19418925 19442851 19442217 19442303 19442421 19442627 19442807 19443373 19443287 19442555 19443203 19442813 19419315 19442855 19442641 19442637 19442717 19442597 19442603 19442525 19442593 19442757 19442635 19442171 19413971 19442863 19441675 19439923 19439897 19439899 19439963 19440037 19440017 19439989 19442541 19415531 19415021 19419497 19419487 19418179 19414949 19419427 19419509 19417205 19442161 19440633 19440631 19443257 19443195 19416087 19413305 19417187 19415783 19416543 19417035 19417003 19417113 19417175 19417309 19417155 19417147 19412627 19414469 19412875 19412853 19413277 19413355 19413557 19417753 19413215 19413009 19412689 19413561 19415067 19415063 19416811 19417887 19418497 19415107 19416829 19415563 19415503 19414377 19416255 19419561 19413053 19413125 19417915 19413977 19414903 19417837 19412957 19412925 19414091 19415315 19412781 19412927 19412913 19414947 19416185 19415307 19415225 19417217 19414973 19414921 19415009 19415299 19416569 19413061 19419313 19417381 19419325 19418597 19414651 19419457 19413047 19414979 19413947 19417219 19417127 19418307 19412707 19413177 19419633 19416301 19415753 19413911 19418477 19416339 19417411 19416521 19415493 19413803 19414437 19414573 19414669 19415415 19414295 19418501 19414581 19414603 19415105 19414559 19415177 19415125 19415155 19414319 19415039 19413429 19413873 19414703 19412997 19413013 19414539 19414673 19415025 19415091 19415035 19412949 19414833 19415019 19419073 19413941 19413349 19414355 19414045 19414495 19413331 19414663 19414519 19412907 19412801 19413075 19413117 19413079 19415149 19413297 19418173 19415487 19414683 19415439 19413993 19414799 19412893 19414511 19413953 19417353 19418457 19414627 19414691 19414451 19414425 19415169 19413829 19413799 19414825 19414647 19414855 19414213 19415167 19418017 19418091 19413937 19413935 19413919 19413915 19413879 19413881 19413801 19415305 19414009 19413031 19414239 19414167 19414693 19413843 19418637 19418799 19414277 19414247 19414233 19414033 19414029 19414107 19414121 19415309 19413035 19413085 19414085 19414445 19414827 19414771 19415179 19414105 19412805 19412807 19414199 19414583 19413969 19414443 19419449 19414211 19418881 19414351 19413159 19414019 19414123 19415595 19412937 19412983 19412989 19415443 19414685 19412837 19414733 19413949 19415313 19414259 19414257 19413219 19413233 19413151 19413289 19414715 19414051 19412839 19412953 19414421 19412905 19416955 19417735 19413039 19414411 19412897 19415395 19414321 19414779 19413199 19413181 19413131 19415301 19412917 19412909 19413197 19413213 19415151 19414479 19414801 19414671 19415303 19414515 19413083 19412831 19412845 19415057 19414547 19418979 19417029 19414209 19414169 19414181 19414713 19412915 19414501 19414839 19414723 19413209 19413253 19413261 19413221 19414765 19412861 19412973 19413559 19412823 19414749 19413323 19414741 19415137 19412903 19412863 19412891 19412841 19414851 19414783 19412955 19414655 19414535 19412833 19418773 19414895 19414745 19415389 19414913 19412899 19413887 19413863 19413891 19414881 19414865 19412869 19415241 19417745 19413585 19412655 19414753 19413909 19414659 19415351 19414809 19412895 19413767 19413779 19416699 19415349 19414813 19417343 19417719 19417733 19413965 19413997 19412703 19413787 19414911 19414905 19415243 19415185 19414401 19413547 19418403 19413871 19415371 19414577 19412735 19412757 19414271 19414237 19414207 19414303 19412675 19414027 19413951 19415341 19414413 19416393 19416431 19416465 19416495 19416857 19415325 19413923 19413921 19413805 19412667 19412691 19414505 19416575 19416395 19417345 19416279 19416311 19416401 19414331 19413907 19413807 19414039 19414447 19414337 19413761 19413773 19415017 19415187 19418531 19414241 19412705 19415201 19415413 19418323 19415337 19414191 19414159 19414197 19414243 19414163 19414189 19414041 19412693 19414021 19412743 19415171 19412645 19414249 19414361 19413763 19413757 19415247 19415251 19413555 19413931 19413797 19415049 19418281 19417789 19418263 19412799 19415343 19414017 19412641 19414415 19414381 19414429 19414461 19414531 19414567 19415005 19418221 19413845 19418857 19413755 19413733 19413711 19413713 19413737 19415085 19412793 19412843 19414173 19413929 19412697 19415059 19414081 19412633 19412661 19415087 19415073 19415109 19414593 19414605 19414285 19415159 19412711 19414205 19413979 19414015 19418365 19417065 19417435 19417047 19418291 19412709 19412749 19418535 19413961 19416855 19417213 19417231 19416343 19416325 19412713 19412729 19412745 19412795 19412811 19414053 19414225 19412635 19416389 19416351 19418465 19418407 19417117 19417005 19416807 19412787 19412813 19413875 19413827 19418449 19412647 19416705 19416471 19416473 19416571 19416415 19416391 19418599 19412817 19415347 19415047 19414591 19413399 19413299 19413319 19415031 19414301 19413821 19413835 19414339 19412651 19415013 19415055 19415399 19414937 19413785 19418411 19417135 19416831 19416863 19416539 19416131 19416373 19417171 19417239 19417165 19417289 19416181 19416195 19418543 19417037 19416881 19417083 19416775 19417237 19417461 19417459 19416693 19417161 19416319 19416275 19417227 19416235 19416791 19417031 19416623 19417123 19416359 19417151 19416713 19416653 19416975 19416559 19416685 19417221 19417199 19418767 19418883 19416309 19417101 19417075 19417277 19416237 19416759 19416953 19417243 19417089 19416259 19416239 19416143 19416069 19416083 19417263 19417253 19416657 19417153 19417259 19417103 19418727 19418753 19418555 19418639 19417303 19419031 19417445 19417087 19416781 19416817 19416243 19416105 19416675 19416451 19416119 19417287 19418483 19417169 19416161 19416135 19416193 19416283 19416291 19416261 19416253 19416985 19416303 19418917 19417475 19416241 19417481 19417145 19418895 19418853 19413055 19416915 19416869 19413265 19413369 19413375 19413423 19416837 19417449 19416551 19416731 19416149 19416147 19416199 19416223 19413015 19413017 19416901 19417441 19418851 19416965 19416897 19416751 19416871 19415995 19413489 19413505 19413517 19415705 19416157 19416337 19416959 19416443 19417439 19416381 19416757 19416933 19417059 19416271 19416267 19416323 19416463 19417377 19416617 19417387 19417193 19416537 19417347 19413077 19415657 19415737 19415725 19415767 19416247 19416745 19417149 19417071 19417189 19417523 19416503 19417455 19416039 19416305 19416251 19416163 19416159 19413069 19417297 19416561 19416481 19419167 19417167 19416091 19416167 19416213 19413939 19417283 19417301 19416607 19419119 19416493 19413815 19413849 19413861 19413809 19417293 19419045 19416743 19416563 19416715 19416941 19418547 19415239 19416387 19416615 19416733 19417359 19415755 19416823 19416799 19416935 19413457 19417389 19416673 19416587 19416595 19416755 19416753 19413513 19416003 19415993 19413165 19415773 19413507 19415729 19415843 19415841 19417385 19413185 19416907 19416025 19413275 19413363 19413335 19417403 19417007 19416765 19417407 19417409 19416923 19416769 19413303 19413189 19413511 19415857 19415865 19415935 19416875 19413195 19415923 19415905 19415953 19416619 19413563 19417351 19416449 19413333 19416931 19417415 19416961 19416929 19417473 19417425 19415861 19416501 19417355 19417417 19417019 19417033 19416987 19413167 19415961 19415957 19415955 19416911 19413205 19416109 19415735 19415723 19413431 19416555 19416435 19413059 19413057 19415839 19416447 19415969 19416097 19416125 19417413 19417159 19417009 19416053 19413433 19413449 19415815 19417133 19417211 19417201 19417209 19413311 19416141 19416409 19417349 19416175 19416227 19416177 19416249 19416165 19413283 19413133 19415921 19416605 19413135 19417235 19419171 19419459 19419443 19419417 19419391 19419323 19419287 19415805 19415807 19413091 19413041 19413143 19419471 19419499 19416721 19413139 19415819 19415747 19415745 19415903 19417363 19417845 19417865 19419061 19419265 19419277 19415949 19415821 19413049 19415855 19419331 19419319 19419385 19419363 19419371 19413381 19416005 19416887 19413011 19416631 19415779 19415789 19417811 19417877 19417869 19417751 19416967 19416725 19416859 19416773 19416741 19415795 19419043 19419003 19419411 19419431 19419463 19419469 19419437 19416625 19416703 19416645 19413187 19415731 19413569 19419481 19416597 19416663 19416707 19416847 19417365 19416459 19415761 19417451 19417063 19417109 19417371 19417131 19417229 19416639 19418259 19419583 19418351 19418283 19415769 19419173 19418915 19419635 19418951 19415143 19415103 19415069 19418741 19417261 19413469 19417911 19418839 19418045 19415101 19413327 19413287 19415975 19418725 19419159 19418119 19419269 19415973 19415891 19415827 19419613 19419213 19415095 19415691 19413379 19419501 19419395 19418345 19419143 19419021 19417963 19415111 19415077 19418125 19415727 19413495 19415823 19418071 19418927 19413321 19417921 19419247 19419175 19413245 19419441 19419489 19415817 19415777 19413129 19413089 19419483 19418611 19419209 19415757 19413483 19419479 19417947 19415711 19413405 19413485 19413529 19419301 19415833 19417829 19413395 19413387 19413499 19413391 19419115 19419111 19413241 19418371 19417875 19417995 19418113 19417881 19419241 19419351 19413425 19415869 19418053 19419365 19418955 19419001 19418981 19419221 19419275 19419093 19418067 19419283 19415165 19415263 19415265 19415275 19418007 19419049 19418143 19415915 19417977 19419637 19418145 19418923 19415213 19419223 19419293 19418041 19417989 19418995 19418093 19415983 19419345 19419267 19419595 19419155 19418651 19418507 19418183 19413403 19418447 19418431 19418421 19419153 19419377 19419327 19417299 19418529 19419571 19417271 19415255 19415257 19417929 19418959 19417987 19415889 19415663 19415709 19413471 19413417 19418337 19418265 19418397 19413465 19413407 19419341 19419317 19419545 19419615 19419629 19419381 19419473 19417773 19415189 19413267 19413263 19415695 19419409 19413337 19419429 19418845 19418749 19418565 19416209 19416201 19416287 19416285 19418155 19415937 19419585 19417959 19413071 19415781 19415799 19416355 19416345 19416375 19416353 19419141 19419145 19418335 19419187 19418367 19414941 19418571 19418717 19418649 19418601 19418489 19415221 19413589 19418827 19419185 19419037 19414969 19418873 19418051 19418135 19419165 19418315 19418117 19417305 19418047 19418251 19418231 19418065 19417763 19418215 19417255 19419039 19418141 19417863 19418077 19419065 19419057 19413697 19413715 19417195 19419201 19419121 19415131 19418875 19418075 19418361 19417961 19417973 19417835 19417949 19417953 19418393 19418011 19418057 19418151 19418129 19418685 19418227 19418327 19415223 19419017 19418417 19418479 19417927 19417115 19418559 19418085 19418147 19418255 19417997 19418353 19418869 19418171 19417945 19418769 19419189 19419593 19414961 19415227 19418009 19418667 19418709 19418971 19419139 19417713 19417785 19418033 19418609 19418587 19418945 19418195 19418297 19417859 19418779 19417901 19418083 19418707 19418105 19418055 19417723 19417903 19419215 19417787 19419055 19419105 19419157 19418755 19416477 19417681 19418625 19418569 19418805 19418591 19418659 19418521 19418701 19418705 19417857 19418921 19418947 19418847 19418267 19418913 19419087 19417943 19418013 19417913 19419183 19419225 19418689 19418247 19418983 19418687 19418605 19418713 19419131 19419373 19417883 19418451 19418379 19418369 19418621 19419297 19417711 19417725 19417697 19417767 19413123 19418375 19418719 19415267 19418931 19419513 19419511 19418491 19418759 19417747 19415269 19415271 19415215 19418837 19415369 15417471 19415363 19414557 19414293 19415357 19414931 19414889 19414819 19414759 19414781 19414229 19415359 19415383 19414665 19414453 19414435 19414147 19414143 19414069 19414427 19415377 19414615 19414555 19414667 19414761 19414367 19414915 19414987 19415117 19415081 19415407 19415405 19414465 19414373 19414013 19415119 19418579 19417505 19414793 19414311 19415295 19415071 19415401 19415397 19414953 19414597 15418977 19414549 19414661 15419607 19414059 19414405 19414529 19414575 19414653 19414701 19414873 19414853 19415353 19414787 19417507 19414113 19414179 15418105 19418539 19418499 19418513 19418901 19418909 19418967 19414309 19414831 19418723 19417707 19417717 19417731 19417695 19414315 19414471 19414867 19415393 19415197 19418435 19418829 19415665 19414061 19419235 19415451 19418871 19418937 19418985 19418943 19415163 19415147 19415135 15417795 15418327 15418321 15418383 15418461 15418465 15420837 15418903 15420873 15419851 15420805 15420905 15420989 15420999 15420955 15421389 15421145 15420949 15419027 15420631 15419393 15419005 15421027 15417467 15418929 15418071 15420037 15420821 15417899 19413751 19413745 19413743 19413723 19413709 19413759 15420085 15420091 15421075 15419983 15418785 15420103 15419587 15418477 15420669 15420681 15420135 15420105 15420221 15420325 15420831 15419421 15420223 15421049 15421051 15420761 15420145 15420163 15417459 15420273 15420283 15421061 15417509 15420773 15420155 15420193 15420277 15420281 15421099 15418243 15420229 15418333 15420039 15421263 15418307 15418997 15420813 15420811 15419471 15418749 15419363 15420583 15419337 15418747 15418683 15418743 15418685 15418687 15419599 15418947 15418381 15421315 15420245 15420041 15418925 15419007 15419019 15419163 15420347 15418331 15418315 15418917 15418981 15418935 15418883 15419211 15419545 15419155 15419993 15419297 15419105 15419315 15419061 15419053 15418995 15418793 15420261 15420263 15420073 15420087 15418961 15418855 15420621 15420579 15419219 15419129 15419059 15420241 15420233 15420227 15419025 15419601 15418279 15417461 15419373 15418431 15420095 15420841 15420861 15418737 15418657 15418569 15418619 15418641 15418631 15418495 15418775 15418575 15420769 15420853 15419283 15420719 15419325 15418647 15418529 15418587 15418553 15420771 15419103 15420613 15418309 15418485 15418845 15418877 15418941 15419049 15418463 15418583 15420601 15418335 15420795 15418693 15418679 15418677 15420609 15420815 15420883 15420571 15418753 15418665 15418525 15418613 15418541 15418745 15420617 15420567 15419069 15418991 15419313 15420697 15420735 15420963 15420593 15419139 15419107 15418911 15418673 15418473 15418475 15418365 15418523 15420569 15419603 15418979 15419177 15419143 15420651 15418571 15418667 15419095 15419029 15420943 15420939 15420803 15420763 15418459 15418457 15418597 15418401 15419115 15419189 15419253 15420597 15418507 15418787 15419597 15418595 15418515 15418317 15418739 15418605 15418629 15418395 15419449 15418391 15418423 15418589 15418621 15419153 15419329 15418779 15418841 15418965 15419041 15419075 15419591 15418429 15418283 15418257 15418261 15419089 15419217 15418933 15419439 15418235 15418211 15418241 15418189 15420855 15420777 15419301 15420607 15418859 15419117 15419255 15418209 15419429 15419427 15420531 15419261 15420517 15418387 15418543 15418611 15419221 15418025 15418319 15418345 15418835 15418893 15418901 15418029 15418031 15418357 15418449 15420779 15419157 15418807 15418147 15418051 15417961 15417955 15418273 15418887 15420715 15421385 15420683 15419065 15419017 15417927 15419371 15419355 15418367 15418999 15418821 15420711 15420663 15418913 15418881 15421107 15421071 15421029 15421069 15420503 15418811 15418555 15421035 15418963 15417793 15418287 15418497 15418251 15418225 15418223 15417973 15417979 15417801 15417817 15417819 15417875 15417853 15418645 15418719 15418691 15418059 15418035 15419417 15418009 15418179 15417799 15417921 15417945 15418733 15418675 15419589 15418171 15418145 15419413 15419579 15417923 15418067 15418603 15419407 15418659 15419581 15419415 15417975 15418081 15418011 15417937 15419461 15418079 15419585 15418053 15418165 15418169 15418195 15418491 15418385 15417843 15417845 15417885 15418337 15419459 15418219 15418197 15418237 15418231 15418129 15418005 15418015 15417791 15417787 15419443 15418379 15418467 15417919 15417873 15417933 15419375 15418249 15418299 15418221 15417823 15419593 15418487 15418305 15419369 15418181 15418137 15418133 15418409 15419583 15418311 15417967 15419385 15417929 15417931 15417965 15417963 15418173 15418263 15418415 15418609 15418275 15421261 15421251 15421241 15421221 15421237 15421227 15421171 15417785 15418353 15419397 15418471 15418213 15421147 15421211 15421153 15421149 15421143 15417805 15417815 15417835 15418329 15418293 15418727 15418369 15421183 15419781 15417507 15419763 15419777 15421123 15417897 15418207 15418093 15418095 15418285 15418239 15418607 15421103 15421077 15421073 15421083 15421057 15421059 15419789 15419805 15419797 15419423 15419435 15419437 15419399 15419401 15419403 15419775 15421043 15420991 15421019 15421033 15421005 15417837 15419405 15419493 15417971 15419821 15419739 15419759 15419811 15418951 15418761 15418975 15418689 15418371 15418519 15417855 15418983 15419045 15418973 15418759 15418863 15419457 15419595 15418339 15418763 15418765 15418289 15419109 15419225 15421353 15420799 15419899 15419285 15419477 15419249 15420625 15420781 15420739 15420201 15421355 15420539 15419277 15417463 15420825 15417477 15420657 15420809 15420701 15420605 15419949 15421307 15419165 15420565 15420575 15417493 15421231 15420947 15419967 15419199 15419097 15419267 15420333 15421199 15420003 15420783 15420807 15420745 15420553 15420731 15421287 15421137 15420065 15421135 15421115 15421131 15421155 15420791 15417501 15420139 15421169 15421175 15421303 15420867 15421295 15419135 15419057 15418957 15419981 15419843 15419749 15421349 15421335 15418987 15419077 15417469 15417473 15421159 15421191 15420187 15421297 15421139 15421177 15421213 15421223 15419133 15418953 15418833 15420147 15420161 15419279 15420213 15418919 15418879 15418955 15418923 15417505 15421233 15421245 15420175 15420191 15420585 15419269 15421337 15421265 15424343 15418937 15420713 15420747 15421235 15421351 15419977 15419263 15419379 15419321 15419875 15419855 15420755 15420671 15420641 15419943 15420555 15420885 15421283 15421257 15419989 15420021 15420033 15419945 15420215 15420179 15421339 15421317 15420049 15420623 15421313 15417949 15419289 15419365 15417947 15421301 15419167 15419201 15419229 15417485 15418815 15418713 15418889 15419361 15417479 15419793 15417857 15417861 15419359 15419195 15420081 15420211 15419887 15420823 15420063 15420917 15420889 15420891 15419233 15420793 15420775 15420909 15420819 15420897 15421015 15421003 15420219 15420859 15420665 15420629 15420545 15420199 15420109 15420067 15420165 15419339 15419965 15420069 15420017 15420025 15420009 15420181 15421047 15420595 15420563 15419341 15417481 15421031 15417495 15421007 15420217 15420173 15420015 15419933 15420921 15420973 15419857 15419845 15421255 15420983 15421393 15419921 15419879 15421391 15420925 15421341 15420937 15419809 15419877 15420035 15420931 15419931 15419911 15419903 15419871 15419925 15419917 15421259 15420271 15420239 15420235 with 1 link
1 most connected region:
13152953 with 5 links
