Neighbour list object:
Number of regions: 9997 
Number of nonzero links: 19972 
Percentage nonzero weights: 0.01998399 
Average number of links: 1.997799 
28 regions with no links:
2088343 2088337 2092193 2088125 2087009 2091607 2057504 2057498 2056898 2088419 2088335 2056900 487866 488100 487854 487890 505086 505618 505754 867484 867478 867414 1824816 1827198 1825496 1823800 1825412 1824318
Link number distribution:

   0    1    2    3    4    5 
  28 3898 2208 3795   67    1 
3898 least connected regions:
2092191 2087861 2093977 2093749 2092283 2092761 2088347 2091599 2089223 2092625 2089169 2093509 2089853 2090853 2090457 2092925 2090551 2091479 2088329 2092195 2087903 2093551 2088977 2089741 2093547 2093269 2087215 2092281 2087511 2093203 2088957 2090031 2088939 2090083 2088169 2094129 2088679 2089737 2089691 2094263 2093665 2088653 2088039 2093723 2093227 2088699 2091625 2091773 2087989 2087915 2087913 2093993 2088857 2092203 2092259 2088399 2088089 2090971 2087493 2090071 2093725 2087911 2087991 2093901 2088105 2088113 2087483 2091763 2090849 2089943 2088967 2092325 2089147 2087921 2087883 2087857 2091169 2088195 2088131 2088175 2087899 2092189 2088133 2088151 2090823 2092391 2088309 2091101 2087859 2087863 2092213 2088055 2092515 2088307 2089353 2093105 2091813 2087851 2088139 2087539 2090199 2087837 2092277 2089845 2088829 2089083 2088397 2093431 2087221 2087005 2092649 2087425 2088317 2087289 2092257 2090315 2092775 2088165 2088051 2088303 2088085 2092487 2088907 2088215 2088291 2088091 2092279 2088749 2093057 2092653 2091551 2092717 2090291 2092979 2091649 2090123 2090049 2090307 2093355 2092267 2087831 2091849 2093137 2093213 2093163 2093113 2087227 2092739 2091697 2092591 2091559 2092563 2088319 2088349 2088385 2093659 2092565 2093031 2088067 2090511 2086977 2090103 2091841 2090011 2091839 2093207 2091785 2087893 2090605 2092957 2093013 2092581 2091651 2092557 2091811 2091837 2092731 2092673 2089887 2092863 2093089 2090039 2090389 2088403 2090725 2092577 2092569 2089797 2091789 2089759 2088277 2087437 2090443 2086999 2089849 2089965 2090053 2091655 2094031 2087891 2090167 2093191 2091853 2090121 2090303 2088251 2089301 2091345 2088267 2091731 2087839 2091189 2091577 2088477 2088447 2092239 2089217 2094069 2088167 2090799 2092737 2089551 2094091 2091779 2091139 2090747 2091015 2091083 2091183 2091173 2090831 2089493 2089079 2089109 2090461 2091099 2089813 2091321 2089973 2090947 2090777 2090711 2091159 2090757 2091281 2090959 2090477 2091075 2091781 2091213 2091373 2091403 2091489 2090633 2093307 2093293 2090965 2091419 2091085 2091375 2090603 2091165 2093199 2093121 2091593 2092745 2091915 2093205 2091253 2091525 2089867 2091911 2090085 2092695 2093201 2093557 2090413 2091921 2093175 2089431 2089445 2093077 2093005 2091467 2091657 2091615 2089479 2089567 2090871 2090863 2089557 2089889 2090305 2094089 2089729 2089755 2089905 2091567 2091067 2091053 2090969 2090905 2090903 2093051 2093643 2089475 2089291 2090891 2090997 2090975 2093663 2091485 2091433 2091441 2091385 2091329 2091293 2091105 2091473 2091199 2091023 2089403 2091891 2089265 2089821 2092949 2092757 2093563 2093613 2091225 2089441 2091553 2089211 2090467 2091117 2092959 2091313 2088369 2088101 2088075 2088423 2094115 2089671 2089643 2092285 2092287 2089701 2090423 2089795 2090017 2089413 2087013 2089631 2089607 2089549 2090189 2091029 2089967 2092841 2089029 2088099 2089423 2090713 2090597 2091539 2090427 2092655 2094093 2089633 2089819 2088443 2090991 2090659 2090573 2090385 2091407 2091355 2093325 2090203 2087115 2087017 2089483 2090949 2091001 2090333 2092843 2091453 2092241 2088115 2092383 2090539 2090801 2093067 2089787 2089953 2090981 2087537 2086975 2090937 2092703 2091081 2090809 2090489 2094041 2094047 2093997 2094015 2093949 2093983 2093617 2093599 2090591 2091653 2091629 2091417 2093607 2093891 2091705 2093869 2093839 2093911 2093635 2091379 2091335 2091369 2091127 2091495 2093667 2093673 2093691 2093147 2093225 2093881 2094003 2091679 2091699 2094037 2094033 2094039 2093707 2090951 2091581 2090653 2090961 2091057 2090979 2091601 2093513 2093215 2094027 2094019 2091477 2091687 2092677 2091179 2090885 2090829 2090855 2091543 2093981 2093943 2094051 2093285 2093185 2093181 2091371 2091333 2090935 2091531 2093999 2094017 2093941 2091351 2090977 2093683 2093719 2093735 2093391 2093189 2091315 2093161 2093947 2093989 2093863 2091009 2091161 2091695 2090869 2091515 2091415 2090483 2093837 2093773 2093781 2093763 2093761 2093769 2093757 2093755 2092839 2091597 2092833 2092723 2090919 2090821 2090361 2093473 2092899 2090861 2090839 2093447 2093421 2090473 2090913 2091005 2090431 2091523 2090715 2090743 2090651 2090543 2092559 2090535 2090739 2091387 2091413 2091481 2091021 2090509 2090471 2090513 2090701 2091045 2091289 2091491 2090763 2090425 2090353 2090265 2090277 2090237 2090351 2091689 2091443 2093179 2093023 2091527 2091667 2094059 2091261 2090197 2090165 2094053 2093605 2093571 2093587 2091671 2094155 2092367 2092401 2089985 2089385 2089663 2090253 2093131 2093015 2092507 2093689 2093519 2093545 2093603 2093687 2093921 2092419 2093759 2093273 2093275 2092819 2092955 2093011 2093149 2090475 2089863 2092497 2093395 2093441 2092423 2091829 2091831 2091833 2089711 2089471 2092785 2093535 2093381 2093669 2092371 2093371 2093107 2093097 2093135 2092857 2089957 2089941 2094065 2093951 2093909 2093829 2093385 2093335 2094097 2093129 2093123 2090311 2090295 2092499 2093427 2093459 2093507 2094147 2093333 2093681 2093699 2090239 2090393 2090377 2090079 2090117 2093235 2093209 2093353 2093345 2094057 2093791 2093743 2093963 2093657 2093573 2093649 2093641 2089835 2092825 2089649 2092881 2092847 2092813 2092773 2092807 2093375 2094067 2094071 2090255 2093491 2092603 2089639 2092815 2092455 2093621 2093631 2093903 2093589 2092627 2091677 2091675 2092641 2093591 2093515 2091673 2090497 2090149 2090287 2090363 2089505 2092477 2089879 2092365 2093487 2093309 2094045 2089325 2092869 2090595 2090607 2091681 2093497 2093771 2093437 2093751 2092427 2092705 2090139 2093933 2091365 2091307 2091291 2091305 2093671 2093543 2093525 2094265 2091115 2091693 2093461 2092461 2092485 2092439 2094079 2094075 2091557 2092379 2091337 2091089 2091123 2091003 2091325 2091217 2092505 2094077 2093559 2093907 2092393 2091193 2091897 2091229 2091143 2091353 2091141 2091691 2093469 2092479 2093439 2093503 2093521 2091541 2091617 2093957 2093477 2091221 2092471 2090933 2091909 2090057 2090249 2093017 2092707 2090685 2089473 2089613 2089425 2089347 2089537 2089123 2090827 2094145 2091247 2091295 2092989 2089315 2089021 2091277 2088837 2088755 2089319 2089439 2091201 2091017 2090825 2090599 2089285 2089219 2089397 2089333 2089133 2088731 2088775 2088821 2092801 2089565 2094101 2090807 2089579 2088879 2088865 2088903 2088991 2089023 2089101 2089097 2093253 2093229 2094141 2089651 2090319 2090115 2092997 2089131 2089009 2089139 2089161 2090769 2091877 2090833 2094139 2092699 2090843 2093255 2093327 2089069 2089235 2088843 2089311 2091743 2089117 2089259 2092981 2090339 2091825 2089171 2089025 2089035 2089157 2089041 2089045 2089203 2089297 2092935 2091719 2092969 2093365 2089273 2089415 2091757 2091759 2092877 2093407 2089667 2089155 2089195 2089245 2089279 2089263 2090893 2090835 2094103 2092893 2090841 2089803 2092663 2089287 2089609 2089771 2089823 2089891 2089925 2090015 2091955 2090847 2089225 2089893 2092967 2093237 2093369 2091701 2092727 2093329 2093815 2093047 2093153 2093221 2093409 2093765 2093871 2093779 2093339 2093315 2093305 2093399 2092697 2091339 2091361 2093549 2092349 2093367 2093241 2093263 2093833 2093895 2093961 2093287 2093319 2093049 2091341 2091585 2091703 2090679 2094173 2093849 2093831 2090593 2091435 2089703 2093801 2092517 2092357 2092359 2093311 2093281 2091237 2092751 2090309 2093271 2093865 2093783 2094151 2094153 2087901 2087401 2088117 2088707 2087441 2087431 2087515 2087435 2089091 2089655 2089327 2089275 2089207 2087897 2087971 2089555 2089657 2089369 2089931 2087409 2087469 2089187 2089193 2089213 2089345 2089289 2088997 2087411 2091751 2091753 2089351 2089399 2090313 2088769 2090175 2089801 2089999 2088367 2087383 2087381 2089553 2090161 2090179 2090269 2090143 2089065 2089063 2089239 2090113 2089933 2090069 2090137 2088983 2088723 2088913 2087373 2087595 2088873 2091739 2089303 2089685 2089865 2088005 2087331 2087501 2090259 2089523 2090125 2087843 2087467 2091823 2091845 2089661 2090133 2088037 2088389 2087449 2091733 2090327 2089903 2089951 2087491 2087509 2088729 2088725 2087081 2087031 2088845 2089221 2090243 2089183 2089509 2089463 2088917 2088111 2087369 2090383 2089989 2088639 2087519 2089339 2090213 2089541 2090485 2089577 2090087 2088921 2089181 2089049 2090177 2090345 2089457 2088127 2089443 2090441 2087797 2089979 2089469 2089569 2089789 2092661 2088331 2088323 2090301 2089381 2090623 2093211 2094113 2092747 2087995 2092197 2087417 2087525 2093059 2090365 2090507 2090609 2090027 2088275 2088297 2088301 2088299 2088327 2092219 2088293 2089935 2091707 2090455 2092601 2088295 2088289 2088311 2089427 2090045 2088715 2087475 2087801 2091659 2090625 2090561 2088333 2087459 2087549 2089367 2089421 2089485 2090047 2087453 2090503 2089271 2089599 2090285 2088305 2088743 2090611 2090187 2091709 2090381 2091635 2091665 2092607 2087471 2092871 2093021 2090549 2090587 2090555 2087229 2088793 2088871 2089061 2088987 2088763 2087233 2088863 2088877 2087307 2087327 2088985 2056902 2056908 2087235 2088915 2087333 2088949 2089071 2087413 2088929 2088933 2088959 2089013 2087517 2088145 2088143 2088677 2087371 2087213 2056918 2087223 2087231 2088931 2088945 2088191 2091993 2087247 2087225 2088895 2088941 2089015 2089033 2087357 2088207 2087239 2088157 2088883 2089051 2087367 865634 2088753 2087317 2087359 2088773 2056848 2088937 2089011 2088691 2091711 2088831 2088971 2087345 2089057 2089055 2088667 2091761 2091755 2090517 2090813 2087265 2088787 2088817 2088759 2088969 2089005 2088859 2090215 2089233 2089915 2089791 2091767 2088745 2088737 2088781 2088765 2087451 2089081 2089809 2091797 2089857 2089727 2089827 2088815 2092223 2087553 2088797 2087335 2087303 2087287 2087285 2088789 2088953 2088893 2089595 2089603 2089645 2089751 2089783 2089839 2089543 2087219 2087253 2087301 2087323 2088827 2089503 2089825 2089897 2089843 2089693 2089779 2089615 2087237 2089053 2089095 2088855 2089277 2089527 2089373 2089407 2087259 2088761 2089377 2087591 2088685 2088767 2091901 2091717 2057590 2057776 2057092 2057648 2057902 2057862 2087841 2087805 2087091 2057734 2057642 2057156 2057134 2057808 2087799 2057324 2057258 2057928 2057146 2057646 2057654 2087275 2087585 2057238 2057174 2057248 2057846 2087273 2087271 2057306 2057798 2056896 2057522 2087833 2057280 2057218 2056872 2057768 2057516 2056812 2057304 2057694 2057150 2057090 2057750 2057736 2057722 2087789 2057742 2057738 2057752 2057784 2087779 2056754 2057096 2057772 2057720 2057922 2056784 2057920 2057930 2057668 2088077 2088087 2092187 2088321 2086995 2087547 2057696 2091715 2087499 2087497 2088861 2088881 2087855 2087825 2087821 2087083 2057714 2088415 2088123 2088147 2088431 2088189 2088187 2088261 2087051 2087011 2086993 2087035 2057764 935100012 2087487 2087489 2087481 2087531 2087529 2088223 2088203 2088177 2088163 2088241 2088243 2088697 2087049 2088705 2088657 2087535 2088665 2087485 2088229 2088211 2088173 2088171 2088135 2056914 2057196 2057690 2056912 2057534 2056774 2056744 2056726 2057860 2057526 2057244 2056728 2057586 2056730 2056722 2057260 2057546 2057532 2057660 2057550 2057576 2057892 2057322 2057180 2056824 2057566 2057224 2056854 2056772 2057728 2056884 2057800 2056770 2057702 2056802 2056866 2057942 456044 2056838 2057250 2057926 2057628 23217895 2057500 2056880 2056888 2056890 2057230 23217897 2093973 2057214 2057216 2057264 2057938 2057914 2058044 2057138 2057176 2057154 2058036 2057602 2057614 935100008 2056720 2057594 2057320 2057916 2057124 2057110 2090227 2091713 454590 456224 453362 2056940 2057524 2057538 456478 453434 2056876 455040 2057894 454358 453836 2056882 2057086 454028 2056826 453250 455054 2057676 455620 2057596 2057666 456540 454476 2057592 2057904 2057854 2057298 2057290 2057114 2056746 2057718 2058040 2057842 2057510 2057620 2057606 2057622 2057616 2057838 2057326 2057618 2057658 2057158 2057142 2057834 2057944 2056756 2057088 2057760 2057778 2057802 2057278 2057266 2057814 2056832 454524 455160 454116 456376 456560 454172 455566 454234 455152 455120 455104 455410 455480 456474 456104 454236 454258 454182 454178 454132 455334 455440 454496 456398 454108 454138 453968 453962 455298 455366 456380 454582 455560 455428 453636 455000 456348 456330 456324 453990 454372 453904 453914 456372 453476 456290 456272 456242 456234 453624 455550 453868 453810 453876 453808 453822 456434 453676 453678 456374 456196 456172 456164 456116 456102 453704 454738 455162 456162 456972 454628 456422 456410 456424 453702 455928 455164 454280 454314 454176 456370 456416 454772 455796 455766 456088 454830 454842 454916 454898 454650 454644 454656 454678 454684 454712 456388 456280 456298 456282 455738 455730 456486 456452 454736 455356 454786 456166 456142 456190 455670 456260 456488 455828 456204 456206 456244 456524 455484 455822 455836 455700 455716 456502 455014 454606 456258 456246 454822 456302 456222 455558 455344 455258 454792 454782 455888 455926 455930 456304 454784 454800 454780 455312 455892 455884 455814 455466 456466 456944 455416 454624 454768 454726 454686 454688 456366 456028 455028 455030 455032 455034 455590 455694 455386 454674 455412 455432 455520 455606 454626 455210 456132 455036 455038 454668 454710 454774 454808 454788 456358 456450 454634 454828 454812 455810 455798 455636 455674 455668 455708 454756 455044 456006 454642 455874 454876 456458 453338 456344 456332 456494 456548 455188 454854 454816 456496 455246 456278 455658 456126 455968 456480 455602 455686 455082 453776 455758 456342 455724 455966 455012 455938 454804 453860 454848 454018 454038 455450 455424 453934 453684 455224 454980 455996 456066 456576 456578 455010 454878 455056 455640 454724 455172 454340 453936 456014 456100 454604 456968 455060 454026 453986 455482 455144 454248 454630 456492 456960 455524 454318 455058 454134 454214 454370 453912 455504 455528 455460 456086 455946 454742 454936 455070 455580 455506 455514 453898 454192 454142 454094 454962 456350 454946 455988 453958 456112 456152 455898 454046 454036 454378 454118 454184 454112 454368 454958 455498 456566 455474 455458 456128 455936 454832 454844 454954 455604 455890 454042 454050 455564 455490 454498 454480 454482 456572 453648 455910 453716 454180 454380 454122 454160 454130 454478 456122 454016 454092 454488 454484 454516 454594 454592 454518 454528 456106 453796 456966 454858 454448 454442 453854 453858 453918 453856 456338 456354 456402 456438 455526 456568 456570 456072 455024 454600 456950 455852 456184 456220 456174 456144 456046 454964 454986 454990 455074 456504 453994 453614 454098 456564 456038 454976 454938 455438 455462 454310 454728 456318 456440 456208 454996 454968 454994 454288 453980 456008 456058 456490 453470 454970 454988 454082 455470 456506 456446 456296 456266 454992 455518 453924 454714 456556 456090 456110 455194 454470 455776 454232 454576 454562 454908 455806 455268 455230 455346 455198 455648 455940 455126 454074 453972 453896 454000 455634 455904 487876 455592 454552 454064 454006 453726 453350 453466 453474 453522 453982 455492 455422 453874 455150 454012 453742 455744 455718 453878 453834 455142 453706 453560 453408 453586 488224 453920 453864 455158 455176 455284 453940 454572 454588 454586 454584 454554 456514 453800 453526 453618 453510 454450 455370 2092483 455434 488292 455220 455464 455486 455276 488094 487864 453540 453472 453382 455294 455402 454312 454564 454570 453410 454884 454838 455790 455206 455306 455818 455736 455734 455762 455792 454750 454616 455244 455218 455166 455348 453628 453630 454874 454894 454872 454918 454818 453692 454464 454468 455870 455944 455136 454546 455920 454834 456532 455768 455812 455872 454466 455446 455360 454636 454646 454904 454826 454746 454748 454758 455906 455354 454732 454720 454718 455720 455896 455844 455842 455848 455304 454174 455124 454538 455964 455922 455986 454754 486972 486982 487634 453594 453572 486962 487052 453608 453598 453644 488242 487094 487912 453356 453374 486942 487566 453360 453432 453452 487062 487588 488166 487086 453358 488300 453376 453542 453392 487848 487110 488282 487046 488190 487064 487066 453340 453364 486966 486938 486932 487636 453496 453402 453746 453748 486968 486862 487644 453518 453490 487822 487112 487740 487024 487054 453694 453424 453480 487718 453390 487354 453428 453592 454352 487906 453342 487758 453352 453454 487502 453674 454354 453440 453420 454224 454260 454334 454322 487490 487478 453722 487792 487908 487714 487018 455116 455148 454106 454522 454530 487614 487600 487786 454526 454520 453700 455180 487574 487526 453570 453528 488340 455146 454328 454210 453252 455454 487506 487510 488178 487102 487684 487666 454532 455624 455576 455662 455692 453772 487816 486952 453478 487038 454272 454316 454266 454240 454270 454296 453616 454238 454264 455676 455698 455740 487652 487606 454548 454076 454306 488338 488226 487956 487962 487486 488298 487280 487138 487790 487500 487488 487422 487630 487948 486978 487466 505630 487476 487550 487830 487204 487316 487548 487608 487968 487970 487596 487178 487444 487788 486730 486732 487626 487358 487262 487260 488204 488174 487730 488254 487972 487642 487668 487700 487318 488184 487070 487184 487192 488264 486728 486726 487690 488238 487172 486818 487656 487686 487678 487736 487428 487152 486770 486826 486772 486764 486752 488214 488240 486766 486896 487348 487810 487836 487842 487802 487978 487168 487154 486754 487782 487226 487916 453348 453354 487198 487180 487166 487164 488294 488090 487188 487122 453556 487140 487146 488250 488212 488198 487114 487346 453550 453546 453544 453530 453658 488280 488128 488304 487860 487946 453926 487306 487304 453894 453852 453882 453782 453812 453792 488276 486868 488268 488256 488274 488176 488210 488356 505502 487650 487470 488236 488230 487936 487868 487806 487374 487058 486988 487002 487020 487694 487798 487232 487100 504804 488138 487732 487326 487120 487218 487256 487116 487132 487000 505678 487688 487210 487216 487982 487190 505294 504522 487928 487244 487886 487672 487268 487720 488144 503934 504876 488106 487748 488156 487888 487892 487766 505698 505760 487880 487894 487674 487048 487796 488270 486846 486866 486854 486860 487870 487834 487882 487896 488122 487984 487598 487884 486786 486776 486812 486816 488130 487290 487246 487926 487276 487242 487944 487812 488336 487434 487404 487452 487454 487464 487376 487934 487324 487308 487302 487300 486768 487620 487278 488180 487372 487366 487336 487176 488248 487814 487440 488288 487800 504190 504206 505234 504782 504922 504924 504194 504160 504140 504170 504162 504032 504050 504044 504026 504750 504752 504758 504746 504946 504940 504096 504068 505390 504034 504664 504656 505238 504600 504538 504908 504866 505388 504562 505236 505258 504000 505386 503992 503970 503944 503950 505574 504324 504586 504480 504504 504604 504846 504838 504860 503946 505382 503922 504820 503914 505174 504622 504496 504540 504900 504852 487776 487764 487750 487616 487590 487542 487518 487474 487274 503784 504938 487220 486902 486820 486828 486842 504784 486872 487432 487498 487392 487406 504772 504450 487414 487442 487370 486850 486844 504218 487480 487528 487524 505098 504198 504212 487584 487578 487402 486956 486958 486974 504248 486986 486980 935100007 487544 504266 504180 505478 504436 504398 504456 505422 504390 504296 504054 504942 504988 504936 504836 504796 504732 504650 504196 505728 505320 505058 504244 504316 504334 504736 504628 504062 504800 504328 504292 504854 504910 504288 504300 505018 505022 505004 504282 504234 505128 505164 505190 504090 504178 504238 504692 504624 504130 504570 504544 504638 504588 504476 504438 504982 504240 504322 505420 505424 504120 504260 504670 504672 504704 504654 504274 504272 505428 504490 504526 503904 505266 504646 504774 504780 504762 504614 504564 504632 505012 504286 504694 504916 505368 504984 504368 504902 504966 504894 504028 504630 504478 505404 504872 504524 504582 504568 504754 504708 504634 505398 505400 505648 504128 505402 505060 504844 505578 504998 505028 504100 504312 504500 504184 505100 505144 504126 505136 504352 504514 505026 505168 504168 505412 505410 504812 505016 504926 504142 504442 504842 504970 504102 505040 504348 505198 505230 504404 505256 505328 505762 505242 505208 505202 505102 504492 505682 505726 505718 505068 505448 505442 505490 505046 505044 505702 505722 504200 507480 869070 868612 504458 505432 505670 505764 505710 504410 504468 867286 504508 505006 503650 505366 505488 505192 504510 505000 505444 504434 505576 505172 505110 504350 505622 505686 505756 504254 504230 503662 505654 505224 505262 505372 503638 505640 505200 504652 504584 504578 504882 503874 505170 505270 505662 505758 505264 503864 503846 503816 503802 505166 504512 505312 505604 505268 504008 504014 505676 505504 504566 504888 504832 503836 503796 503854 505336 505638 505240 505378 503750 505376 504494 505508 505642 504040 505306 504558 505134 504134 504466 504482 504452 504420 505112 505298 505036 504986 503686 503660 503646 505094 504990 867380 505322 505078 505414 505416 505418 505446 505330 505104 505708 505510 505584 505118 503882 503940 503824 867970 866638 503910 503916 503800 866162 866566 503958 866280 503818 503820 866290 866750 867736 868866 867490 867258 503898 867240 868940 866772 868410 503876 503770 503776 503794 503838 503844 867470 868534 867936 867480 867092 867448 866700 503990 503862 867118 868872 504856 503982 503974 503814 504864 504834 504798 504848 504364 505436 505218 505246 503976 505232 505364 505572 504146 503804 503988 504880 504976 505054 505438 504360 505586 503860 868832 503962 503906 505650 505664 505658 505596 505626 504188 505486 503912 866718 503972 503960 503928 505126 505152 505494 504358 867028 505602 505296 505674 504336 504210 505196 505204 505214 505194 866546 866600 866156 868688 866958 866410 866492 867030 866248 867124 866900 866918 869072 866462 866318 866186 866522 866662 866534 866576 866490 866786 866956 866836 866948 866236 867948 868754 866274 866310 866830 866834 867482 866972 867016 866494 866692 866690 866620 868472 867128 866182 866770 866272 866262 866130 866724 866816 867032 866844 866450 866788 866794 866804 866206 867204 866792 866720 866314 866340 867266 866146 867336 866780 866748 866712 866696 866694 867054 866364 867338 503672 503654 868884 866260 868492 503682 503698 503700 867628 866878 866224 503680 867114 866784 866168 867140 868922 503734 503732 866328 503730 503702 866644 867184 866226 869058 503766 503754 866304 867098 866868 866264 867720 868112 867738 867990 867740 867392 868428 867042 866808 866920 868414 867800 868848 868820 868788 868928 867342 868536 868540 867006 867786 867612 867636 867600 866996 867164 867954 867208 866604 867110 869062 867816 867632 867718 867714 867790 867384 866876 867036 867298 867334 866704 867960 867556 868468 868470 868464 867604 866944 866268 866622 866548 867842 866172 867868 866814 866874 867596 867574 868454 868462 866298 866256 866606 868696 867782 866316 866408 868130 867956 867880 868132 866974 868726 868490 868488 868484 868480 868740 868824 866258 867728 867758 866516 867172 867206 868440 868434 867582 867726 866394 866286 866842 866828 868680 867676 867630 867626 867646 866170 868128 866924 867434 868482 868076 867680 867950 867018 867126 866384 866010 867976 867376 867248 866398 866228 868516 866614 866674 866732 866764 867150 866934 866202 866812 866914 866904 866204 867742 868830 867670 867088 866324 866356 866276 868136 866572 868506 868730 866848 866482 866254 867292 866362 866508 868692 866672 866776 866968 866466 866188 866594 867020 866216 866218 868766 868938 867004 867644 1825320 1827646 867148 867598 867272 868476 867524 868448 868802 868798 868812 867924 867200 868608 867350 867846 868772 867282 867446 867454 867686 867138 867558 867764 868518 867568 868542 868432 868714 867872 867788 867852 1827218 867804 867926 867588 868444 867394 867518 868862 867378 868026 1826882 867840 867822 868660 867400 868780 868746 867916 868818 868926 867570 867318 867530 867194 867606 868720 867290 866990 867052 868718 867234 867778 868430 1827318 867554 867314 868138 867514 867900 867278 868614 868538 867500 867494 867540 867694 869068 867146 867156 867974 867224 868736 868140 1827370 866412 866852 866926 867010 867724 867404 867354 867084 866270 866366 866358 867262 867302 867116 867668 868722 867364 1825374 867516 867980 866334 866332 867080 867284 867624 867122 868520 868850 867186 867154 866164 866306 866212 1827336 868768 866302 866294 867492 867474 867418 867580 867700 867256 867066 867072 868784 868134 868932 867732 868524 866936 867214 866208 866250 866342 866148 868860 868878 867592 867674 867698 1827894 867402 867330 867422 868856 867940 867938 867094 866998 1825634 1824810 1823790 1825072 1828144 1827180 1826470 866230 1825052 1823738 1827636 1824372 1826908 1827404 1825648 1825218 1828386 867548 1825356 1827480 1827192 867426 867504 868882 868898 867834 867682 1826454 868412 868406 868366 868686 868810 868790 868912 868914 868916 868904 867748 868362 868352 866158 868344 868474 868924 867618 868896 868892 868870 868876 868544 866200 866114 866116 866120 866110 865628 868350 1825372 1827628 1827904 1827394 1825596 1826906 1825426 1823222 1823824 1825650 1827274 1827352 1827386 1823348 1823360 1823274 1823366 1823554 1828164 1823608 1823220 1823340 1823380 1823356 1823332 1823626 1823896 1827460 1823866 1827230 1825044 1823500 1827556 1823208 1823218 1824388 1824856 1825574 1825578 1827560 1823472 1827608 1827434 1823826 1825434 1827656 1823556 1823280 1823302 1823620 1823642 1825278 1826484 1825258 1823284 1827360 1823892 1826940 1825334 1828428 1826846 1823460 1824946 1824892 1825348 1824940 1825416 1825424 1823648 1823692 1828168 1828140 1828064 1823776 1823760 1828118 1827520 1825626 1823604 1824400 1825436 1827346 1826866 1826934 1827896 1826990 1823726 1828178 1827440 1823364 1824870 1827068 1827518 1827490 1827400 1827396 1827410 1827522 1828494 1827374 1824812 1827240 1828194 1827576 1827356 1828452 1823582 1824990 1827054 1823856 1825382 1826900 1826960 1827046 1827238 1827280 1823272 1827326 1827332 1825086 1824862 1823634 1827304 1827292 1827288 1828240 1828474 1825362 1828362 1824952 1827134 1825328 1825438 1823712 1823730 1823552 1827818 1824994 1825042 1823696 1828250 1828170 1826950 1826842 1826884 1825242 1828214 1823268 1824826 1827426 1827436 1827448 1825420 1824864 1828280 1827074 1827468 1823734 1824344 1825468 1825326 1825350 1824982 1823706 1823660 1828394 1824912 1823508 1825006 1823722 1827206 1823470 1823732 1823880 1823868 1823862 1823518 1824412 1827476 1826864 1824356 1824392 1823628 1823622 1823632 1823872 1825506 1823750 1823698 1824390 1825088 1828380 1828272 1827058 1825196 1825008 1823282 1823782 1827254 1825120 1826936 1824306 1827142 1827128 1827428 1823310 1823656 1825644 1827644 1825654 1827044 1826980 1827266 1827906 1826458 1825366 1823644 1823606 1825098 1824824 1823818 1826956 1828072 1827902 1827090 1826952 1827176 1827602 1827048 3408219 1826598 1827038 1825428 1824988 1824836 1824978 1826996 1828216 1825276 1825364 1824984 1826898 1827270 1825206 1825250 1826554 1823298 1828448 1828346 1828292 1828310 1828332 1827598 1826546 1826538 1826542 1827018 1825638 1828316 1827752 1825254 1827196 1826522 1824460 1824478 1826854 1824986 1824846 1827862 1825194 1827622 1826922 1825316 1828352 1824956 1826896 1827558 1825340 1827124 1827084 1827094 1828344 1828368 1825010 1827158 1825212 1826510 1826524 1826508 1826502 1826504 1828246 1824804 1826360 1824354 1825202 1826954 1825472 1828312 1827122 1823406 1823418 1823772 1823592 1824918 1823384 1827416 1823748 1826964 1827126 1828198 1824914 1825458 1825380 1823398 1823442 1823894 1827898 1824974 1825642 1828320 1828480 1824968 1827022 1827168 1823378 1823798 1823702 1823462 1827116 1826994 1828296 1828112 1828398 1828258 1828196 1825298 1825640 1824904 1823788 1823610 1823574 1823886 1823768 1823898 1827100 1828330 1823492 1823548 1823344 1823680 1823794 1823784 1823780 1825204 1828400 1825418 1827076 1824840 1823770 1824806 1823596 1823864 1823638 1824820 1826872 1824992 1825080 1825084 1825232 1828348 1827070 1823688 1823678 1828488 1826894 1825024 1825462 1825268 1827262 1827900 1823516 1827314 1823728 1823720 1823744 1827226 1827132 1825336 1823756 1823778 1824808 1823684 1823630 1828328 1826376 1824338 1828232 1828440 1828486 1827474 1826382 1824438 1826402 1828404 1827464 1828472 1828376 1828102 1828036 1826370 1826400 1828434 1828248 1828340 1828326 1826412 1826396 1826432 1826476 1828372 1828382 1828356 1828458 1828174 1828176 1824340 1826364 1825646 1825652 1827886 1826604 1824408 1827592 1827186 1827202 1827604 1827220 1826600 1826464 1828212 1828308 1828244 1828492 1826380 1828138 1825186 1825092 1827264 1828374 1826606 1826442 1828200 1827278 1827638 1827442 1826450 1826456 1826446 1826460 1828054 1825046 1825070 1826414 1828124 1828268 1825090 1827452 1827420 1827322 1824906 1828234 1824844 1827478 1827328 1827312 1825082 1825452 1825450 1825068 1826602 1824948 1825444 1827252 1827144 1827130 1827600 1828218 1828210 1828370 1828416 1828322 1825636 1828314 1826374 1828034 1825184 1825314 1825318 1825464 1825466 1828446 1826478 1825288 1825354 1826850 1826928 1826348 1826346 1828454 1825256 1825016 1827062 1827088 1827160 1827162 1827172 1824414 1824310 1827616 1827626 1827632 1827298 1827324 1827344 1827366 1824394 1824350 1824348 1826498 1827654 1827660 1827486 1827482 1828096 1824332 1824404 1824316 with 1 link
1 most connected region:
1823456 with 5 links
