Neighbour list object:
Number of regions: 11036 
Number of nonzero links: 22058 
Percentage nonzero weights: 0.01811101 
Average number of links: 1.998731 
36 regions with no links:
3369176 3369604 3369174 3368582 465400 465658 1937146 1937192 1918002 1918004 1920000 1920102 1919984 1920112 1920880 1920390 1921208 1920982 1920822 3934322 3934418 3934562 3930930 3930860 3935036 3934544 3934892 3935238 3934656 3405409 3407313 3405395 3408253 3407331 3405411 3405761
Link number distribution:

   0    1    2    3    4    5 
  36 4399 2236 4274   90    1 
4399 least connected regions:
3886054 3886058 3366222 3369886 3368302 3370048 3366246 3368510 3369818 3366498 3369498 3368836 3369526 3368874 3369132 3366270 3369336 3367154 3368974 3369678 3368822 3368068 3368092 3366584 3368560 3369060 3369996 3369990 3369988 3368026 3370024 3369394 3369348 3370026 3368062 3369492 3367970 3367966 3367982 3369630 3369594 3369518 3369566 3370156 3370180 3370228 3368012 3368940 3369632 3368036 3368166 3368170 3368200 3370184 3368472 3369586 3369140 3368270 3368298 3368126 3370004 3369506 3368094 3368366 3368256 3368890 3369544 3368664 3366926 3370006 3368364 3368432 3368390 3368220 3366784 3367984 3369582 3367424 3367272 3368430 3369662 3368268 3368888 3367384 3369774 3369768 3369276 3369278 3369252 3369292 3368212 3370222 3368442 3369158 3368450 3367058 3366672 3369520 3369102 3369110 3366846 3368960 3369024 3367212 3368050 3368082 3368134 3369042 3369050 3369114 3368194 3369290 3369298 3369328 3369386 3369664 3369652 3368090 3369208 3369218 3369180 3369436 3368160 3368956 3370142 3368682 3368742 3368800 3369296 3369172 3369998 3369168 3369080 3369078 3369076 3368958 3368806 3368962 3368966 3367276 3369312 3368198 3368252 3370000 3369020 3368344 3369072 3369150 3369160 3368862 3368872 3369064 3369432 3369444 3369480 3368404 3367178 3367264 3369536 3369534 3368720 3368916 3366938 3366660 3370110 3370108 3368428 3367288 3367338 3370136 3368688 3369710 3368930 3370174 3370114 3369500 3369504 3369472 3368692 3368704 3368656 3368632 3369708 3368964 3369780 3367258 3369262 3369382 3368420 3368494 3368536 3368548 3368744 3368192 3369264 3369126 3368322 3368592 3370012 3367380 3368150 3368238 3369142 3369190 3368348 3370106 3368870 3368830 3369992 3366218 3369754 3368812 3368986 3368104 3370138 3369256 3369066 3368860 3370020 3368558 3368578 3369484 3369378 3366418 3366372 3366384 3366352 3366350 3368790 3369764 3368016 3367454 3369702 3368858 3368948 3370010 3368222 3368208 3369334 3369462 3370170 3367502 3369742 3368566 3368562 3368538 3368906 3370166 3370132 3370162 3368144 3368084 3368116 3368584 3368564 3368470 3368486 3369482 3368918 3368034 3368044 3368032 3367292 3370116 3369390 3369360 3367410 3370028 3369550 3369512 3369516 3368096 3369192 3369146 3369148 3368716 3368730 3369362 3368910 3368154 3368142 3366280 3366328 3366342 3366356 3367960 3369690 3368712 3368576 3368502 3368478 3369392 3367980 3367428 3367434 3368892 3368820 3366390 3366374 3366364 3366924 3367586 3368708 3367406 3369228 3366466 3366580 3366614 3366654 3366624 3366582 3366548 3368774 3366250 3367582 3366696 3366670 3367542 3366636 3366578 3368652 3368776 3366600 3366550 3366556 3366494 3366416 3366394 3368620 3368622 3369254 3368438 3370014 3368498 3366434 3366332 3366594 3367528 3366396 3368662 3369736 3367316 3366482 3366432 3366540 3369686 3369682 3369758 3369164 3369226 3366568 3366508 3366506 3366456 3366452 3366298 3367650 3369268 3369266 3369258 3369224 3369222 3369294 3370016 3368436 3368802 3366686 3366726 3367556 3367558 3366778 3368718 3368784 3369040 3369324 3368842 3368902 3368968 3368224 3368218 3366426 3369014 3369676 3368532 3369574 3369602 3369242 3369054 3369094 3369152 3368824 3367012 3366464 3366260 3366774 3367652 3366526 3366512 3366510 3366440 3366408 3367148 3366220 3366756 3366730 3366322 3367564 3366782 3367560 3366862 3366484 3367170 3367164 3367210 3367248 3367232 3366290 3366238 3366734 3366718 3366764 3366266 3366362 3366326 3366224 3366242 3366296 3366272 3366274 3367578 3366282 3366228 3366500 3367314 3367324 3367280 3367196 3367300 3367270 3367362 3367364 3366380 3366376 3366532 3366522 3367400 3367616 3367418 3367408 3368250 3368248 3368230 3367568 3367570 3366736 3367526 3366746 3367096 3368228 3367360 3367320 3367282 3366798 3367572 3366254 3367530 3366454 3366458 3366802 3367052 3367296 3368550 3368338 3368336 3368266 3368318 3368382 3368524 3366658 3366646 3367574 3366744 3366476 3369680 3367242 3367610 3367608 3367168 3367584 3366430 3367226 3369688 3369684 3367436 3367472 3367214 3366632 3366864 3367034 3367198 3367146 3367174 3366650 3366662 3366896 3366912 3367076 3367060 3367028 3367010 3366990 3367590 3366882 3366842 3366648 3366640 3366626 3366524 3366472 3366630 3366974 3366818 3368542 3369728 3368686 3366710 3367536 3366678 3366704 3366812 3366628 3367036 3368722 3367476 3366860 3366800 3366700 3366752 3366722 3366724 3366684 3366694 3367098 3367546 3367548 3366906 3367592 3369286 3369188 3369156 3367156 3366262 3366880 3367510 3367118 3368546 3368530 3368528 3370018 3366610 3367508 3366388 3370022 3369028 3368982 3368984 3369748 3368972 3368952 3366450 935090023 3366528 3367370 3367040 3367016 3366944 3366902 3366894 3366918 3366886 3367326 3367252 3367256 3367334 3367246 3367236 3368066 3369718 3368440 3369840 3367978 3369628 3367340 3367250 3367216 3367204 3368114 3367452 3367474 3367462 3366850 3366804 3366808 3368234 3368070 3367066 3367064 3370206 3367062 3367056 3367986 3369714 3369322 3369772 3369770 3367486 3367442 3367490 3368122 3367030 3369716 3369942 3965038 3367974 3368002 3367398 3367416 3368130 3368136 3367022 3368778 3368732 3367964 3368618 3370208 3368534 3368146 3368178 3367070 3370050 3368186 3366954 3368666 3368462 3368356 3367206 3368048 3370210 3366340 3366386 3370194 3370200 3368294 3368030 3368058 3367394 3367110 3367124 3368580 3964694 3370204 3367354 3367386 3367412 3367464 3368274 3368162 3368188 3368482 3368024 3370274 3369786 3369782 3370154 3369476 3369674 3368384 3368306 3367392 3367310 3367286 3368448 3366958 3369514 3369446 3369400 3368342 3368406 3368454 3367150 3367126 3366994 3367136 3367218 3369364 3965180 3366344 3367132 3366996 3366968 3367152 3366234 3366824 3366854 3366852 3366948 3366890 3368444 3368360 3370008 3368124 3366288 3366302 3366268 3367514 3366448 3366478 3368308 3367142 3366306 3366892 3366908 3366400 3368020 3369354 3368626 3368598 3369612 3370216 3368702 3369478 3369876 3965146 3369330 3369194 3369200 3368794 3964374 3369318 3369230 3368840 3964672 3964682 3964874 3964708 3964876 3368834 3368912 3368942 3369524 3964642 3964482 3964420 3964414 3964380 3964636 3964678 3369210 3369220 3369204 3368608 3964822 3964946 3964392 3964448 3369244 3369314 3369340 3368998 3368630 3368594 3369496 3369452 3964438 3965156 3965162 3369358 3964638 3964866 3964644 3964680 3369468 3964470 3964388 3964878 3964724 3369734 3369776 3964696 3964722 3964712 3964748 3369320 3368734 3368762 3369366 3964412 3964386 3964790 3964808 3964976 3369302 3369096 3369010 3368980 3965010 3965034 3964478 3368746 3368766 3368780 3964500 3964558 3964486 3964398 3964394 3965110 3369778 3965048 3965190 3965138 3965136 3367594 3369588 3369108 3368456 3368418 3368828 3369744 3369750 3368936 3369118 3368886 3369730 3368896 3367596 3366982 3366986 3367128 3367100 3367122 3368416 3369724 3368752 3368826 3964646 3964686 3965098 3964564 3964736 3964890 3964794 3964826 3965036 3964506 3964674 3965094 3965066 3965052 3964754 3964784 3964662 3965044 3964990 3964554 3964370 3965014 3965186 3964844 3964584 3965028 3964892 3964832 3964830 3965064 3965078 3965126 3964628 3965116 3965100 3964688 3964798 3965088 3964546 3965050 3964880 465978 3964862 3965128 3965076 3964572 3964566 3964384 3965072 3965106 466894 3964590 3964476 3965026 465278 3964726 3965060 465332 3964846 3964886 3965080 466974 464936 3964894 3964814 3964654 3964882 3964604 465592 3964508 3964496 3964548 3964860 3964556 3964474 3964452 3965124 3964538 3964534 3964734 3964802 3964774 3964528 3965000 465234 3964766 3964552 3965782 3964770 3369338 3369388 3369420 3369438 3369414 3369486 3964632 3965120 3369454 3965114 3964760 3369614 3369554 3369596 3369568 3369508 3369530 466110 466440 466032 464880 467178 465026 467000 466386 464516 465398 464566 464508 464510 464584 466086 464446 464228 464024 466140 464462 465950 465954 466036 465154 465446 464010 466022 464692 464560 466112 466654 463958 467166 466366 465942 465944 465344 463366 465094 3964418 3964408 3964400 3965168 3965166 3965164 3965198 3965150 465128 3965134 3964526 3964518 3964402 3965132 464330 464308 465012 465630 466364 467028 464578 465424 464670 465404 464284 464286 465042 463956 464264 464244 464410 464580 466984 464576 464250 464860 464198 464476 464422 464388 465988 463980 465016 464780 464416 464356 463982 464102 464080 465428 464882 464194 463966 465104 464076 464066 464844 465392 464460 465940 463406 464018 465052 465014 465426 464368 464128 466362 464346 464160 464340 464316 465420 464134 464098 465162 465130 464448 464518 464318 464418 464380 464062 465204 465632 464468 464522 464470 464352 465150 464072 464754 465638 465046 465132 464514 466910 464532 464488 466828 464012 463964 466702 465320 463954 464760 464766 464058 464442 464440 464082 464132 464342 464846 464918 464474 464220 464236 464256 465378 464486 464850 464690 464666 464168 464232 464272 464312 464310 466368 466342 466352 464124 465622 464748 463402 464774 464090 464848 464932 464948 465088 465112 463400 463942 463950 465646 464344 464008 465386 465384 464320 464364 465388 464348 466914 466912 466146 464812 463952 464298 464988 466160 466162 466712 464600 464556 464558 463926 464570 464270 464974 465244 465318 465276 464764 464792 463390 463928 463974 464004 464028 464500 464094 464030 464034 464360 464366 464382 466064 466090 465316 466882 466164 465338 466134 466856 466708 466674 463924 465302 465438 465656 465580 464698 466088 466768 466732 466620 466622 465218 466360 466350 463396 464726 464920 466344 466336 466738 466960 466966 463380 463378 464762 466848 464430 464336 464322 466356 466358 466388 466460 465408 465410 464672 464636 463386 466906 466944 465284 466132 466114 466106 466100 464704 464610 464572 464574 463364 466094 466632 466380 466400 466402 466398 465396 464086 464176 463372 464688 464664 465660 464872 464026 466836 466766 464084 464138 464122 465412 463992 463972 465196 466650 464582 463968 464002 464022 466868 464478 464506 465624 464092 466642 466378 465998 466002 464710 466136 465170 465062 464654 465402 466742 466714 1937522 465198 466834 466154 465190 464772 465138 465136 464890 466030 466024 464268 466782 466144 466736 466684 465974 1936886 467192 464716 464790 465650 466964 466790 465966 466792 466108 466812 466892 466026 464870 464996 464992 464632 464750 465126 466946 465202 465224 464708 464942 465160 465230 465298 466824 466722 464758 464756 464816 466000 465994 465180 464714 465644 466680 464678 465468 464964 466006 464852 466800 464912 465980 464660 464876 466322 464962 464684 466692 466798 464650 465640 466808 466150 466122 465642 466616 466324 465330 465350 466130 465212 466116 465142 466728 465982 464858 465168 465248 466846 465144 464824 464804 464778 465970 465200 465662 466044 465938 465306 465354 466770 466810 465120 465188 465164 464864 466028 464938 464940 465110 1936906 464590 464588 464528 464484 464376 465434 465652 465040 465078 465080 465036 464954 465064 464980 464020 464108 464158 464188 464202 466884 465092 466904 464902 465102 466688 464192 465626 465628 464960 464922 465074 465358 464266 464240 464218 464172 464156 464114 467070 467096 466756 466830 1937142 1920352 1920372 467102 467090 467056 467048 467196 467076 467084 467026 467012 1939160 467040 465418 465648 467042 466898 466962 466986 466992 1936126 467100 1936102 1936066 1936068 1935742 467114 467210 1935888 1936328 467174 467112 467124 466870 466860 466902 1935996 1935966 1935958 1936374 1936258 467180 467118 467122 1936450 1936140 466920 1936190 1936292 467176 465946 466936 1936674 1935914 1935906 1935904 1935936 1935934 466816 1935922 1936420 467134 467138 467172 467156 467142 1935890 1935948 1935960 1935916 1935896 467160 467146 1937082 1935866 1935886 1936322 466978 466958 466426 465308 466716 466092 466098 466994 467020 466096 466082 466076 466058 466050 466048 466826 466772 1937514 467032 467024 466670 465270 465246 465654 465264 466996 467030 465286 466950 466942 466060 465140 466046 1936074 1936564 1937214 1936024 1936576 1936080 1936574 1937242 1937482 1937092 1937412 1935688 1937174 1936730 1936264 1936900 1936344 1935682 1936302 1936324 1937370 1937430 1937444 1937464 1937470 1937442 1936884 1935678 1937468 1937456 1937350 1937178 1937186 1936338 1936394 1937408 1937414 1937428 1937478 1937460 1937424 1937394 1937176 1937168 1937396 1937392 1937382 1937342 1937354 1937316 1937410 1937466 1937154 1937312 1937280 1937528 1937526 1937224 1937534 1936104 1937518 1937126 1937124 1936410 1936402 1936404 1936434 1936882 1936606 1936144 1935992 1937238 1937236 1937226 1937328 1936966 1937440 1937272 1937282 1937260 1937256 1937136 1937128 1936134 1937480 1936486 1936696 1936464 1936506 1936542 1936560 1936128 1936578 1935900 1936036 1937084 465178 465292 465334 466332 466694 466704 466754 1936880 1937334 1936642 1936926 1936928 1936598 1937206 1937234 1937216 1936616 1936930 1936912 1936902 1936914 1937288 1937532 1937112 1937088 1937228 1936728 1937494 1937078 1936380 1937182 1937212 1936530 1937104 1937108 1937090 1937582 1936898 1936890 1937326 1937116 1937496 1937498 1936942 1936996 1936986 1937198 1936608 1937502 1937098 1936548 1937462 1936132 1937200 1936398 1936018 1937380 1936640 1937070 1936588 1936596 1920508 1936954 1936670 1937062 1936946 1937162 1937170 1936478 1937086 1937008 1937002 1936346 1936364 1936052 1936444 1937520 1936584 1936628 1936634 1937058 1937042 1937068 1937516 1937512 1937308 1936630 1937454 1936212 1937244 1936960 1936932 1936698 1936454 1937268 1936638 1936116 1937106 1920692 1920444 1937114 1937074 1936408 1937054 1937240 1935674 1935752 1937110 1936202 1937050 1921358 1936586 1937324 1937362 1936546 1936528 1936514 1936512 1936978 1937348 1937022 1936220 1937304 1936500 1937014 1937006 1936944 1936260 1935882 1935744 1935740 1935734 1935718 1935702 1935686 1937364 1936998 1937004 1936992 1936968 1937220 1935700 1937230 1937152 1937044 1936234 1935696 1935684 1936208 1936390 1936372 1936184 1936156 1936122 1936076 1936056 1936026 1922820 1936350 1936330 1936214 1935990 1935986 1935954 1935924 1935902 1935892 1935956 1935932 1936656 1936652 1920856 1936000 1936458 1936008 1936050 1935872 1936058 1936014 1936442 1922658 1936078 1935974 1923374 1936198 1936650 1936174 1936120 1936646 1921674 1923458 1936664 1921342 1936340 1936314 1920374 1936304 1936300 1936436 1936418 1936262 1936416 1936678 1936680 1936150 1936250 1936240 1936270 1936252 1936274 1936176 1936084 1937266 1936426 1936448 1936682 1937264 1937298 1937320 1937352 1937346 1937360 1937132 1936186 1936162 1936290 1936238 1937148 1936524 1936474 1936504 1936494 1936518 1936054 1936032 1937376 1937420 1937474 1937484 1936210 1921702 1921468 1919920 1922048 1920320 1916736 1919442 1916112 1923558 1923294 1923438 1916086 1935894 1935770 1935666 1935668 1935978 1935976 1923582 1923600 1935714 1935724 1935726 1935732 1935754 1920002 1921514 1922124 1920378 1922118 1919614 1915950 1921712 1920600 1916098 1922868 1919538 1915976 1919224 1922582 1918742 1922896 1922060 1915998 1921236 1919056 1921326 1920224 1918890 1922276 1922628 1922638 1918658 1918754 1920074 1916516 1922776 1921290 1921706 1923544 1922850 1923506 1918732 1918646 1918590 1919102 1919168 1922520 1922808 1923304 1921576 1920158 1918872 1921832 1919652 1918786 1921462 1919004 1919318 1919350 1920686 1916432 1922266 1919830 1920478 1919078 1919680 1919500 1922870 1918096 1918722 1917988 1922694 1920602 1918688 1918728 1918622 1916680 1919334 1921084 1922178 1920056 1918710 1922518 1919588 1921844 1918516 1918014 1916110 1918680 1920324 1922670 1918008 1919994 1922844 1922678 1919706 1919734 1919584 1918164 1918128 1916576 1920318 1918094 1916626 1916810 1916606 1918032 1918044 1918022 1918236 1922874 1916630 1919298 1916238 1918082 1919346 1918234 1916814 1916588 1918000 1916036 1916404 1919738 1919958 1919112 1919236 1919060 1922648 1922510 1916248 1919458 1919316 1919708 1919638 1919440 1922642 1922502 1918090 1918080 1918648 1919226 1919246 1919156 1922626 1919210 1921554 1921556 1919712 1916510 1916596 1919514 1919512 1919532 1919492 1919432 1919244 1919422 1920748 1922840 1919426 1919402 1919336 1919660 1919586 1919452 1918232 1922508 1922646 1919370 1919342 1919340 1919692 1919430 1922550 1922664 1919158 1916114 1919534 1919522 1919502 1919092 1919054 1919002 1920022 1922564 1922560 1919398 1919482 1919438 1919490 1919626 1922542 1922630 1922546 1918978 1918858 1918762 1918794 1922576 1922588 1922536 1918972 1916186 1918996 1918034 1922704 1916380 1916374 1922846 1916436 1916490 1928494 1920566 1916246 1916384 1919314 1918790 1917990 1923464 1919704 1915968 1919358 1916560 1916520 1916236 1916782 1916222 1916778 1916092 1916032 1916030 1919396 1919882 1921678 1919590 1916492 1916254 1916284 1916320 1918862 1918860 1919022 1919062 1919066 1919180 1919776 1921624 1919486 1916358 1916058 1916044 1916610 1918654 1918568 1916056 1916138 1919572 1919488 1916458 1916568 1918956 1919032 1919064 1919046 1919166 1919096 1916618 1916500 1918810 1918764 1918880 1919678 1919630 1919608 1919948 1919960 1916164 1916280 1916414 1916096 1919238 1919294 1919270 1919276 1919304 1919506 1919546 1915944 1915934 1916172 1916228 1916296 1916474 1916572 1916318 1916192 1916256 1918802 1918724 1921526 1921522 1918534 1916740 1918650 1918608 1916774 1916316 1916272 1916638 1919860 1919348 1919576 1919380 1919410 1919386 1918572 1916642 1916556 1919850 1916748 1916746 1918726 1915954 1919794 1916434 1916508 1921636 1919620 1919602 1919640 1919664 1919766 1919894 1918736 1915984 1915980 1919796 1916578 1916234 1918598 1918818 1920138 1920180 1920028 1921936 1915996 1916002 1919220 1920376 1920230 1916656 1916816 1916812 1916622 1915978 1916008 1916016 1916116 1916064 1919388 1919504 1916132 1919464 1916598 1916800 1916540 1916470 1918966 1921686 1921688 1916144 1916048 1916130 1919800 1919428 1916370 1921638 1916176 1916068 1918066 1918052 1916512 1919824 1919744 1916262 1919496 1919376 1922620 1922612 1922566 1916026 1916376 1916420 1919292 1919268 1922660 1916052 1916000 1922544 1915990 1919232 1915930 1919228 1916780 1920664 1916232 1919164 1921540 1921542 1919072 1916160 1918930 1920322 1920356 1916340 1916386 1916288 1916450 1916484 1916566 1916692 1916670 1916608 1918674 1918928 1920740 1920462 1916462 1916226 1918982 1918888 1919090 1919058 1919094 1922284 1920062 1919906 1920020 1920166 1916402 1916356 1921548 1919186 1916188 1916174 1919392 1919562 1919646 1921598 1919670 1919556 1919624 1916314 1920380 1920540 1920584 1920646 1919904 1919406 1916120 1916392 1920624 1920560 1920142 1919866 1919362 1919364 1919404 1921590 1920368 1920532 1919982 1916108 1921604 1921550 1916134 1916124 1920506 1920464 1920596 1920848 1921672 1921584 1920336 1920476 1916198 1916080 1919792 1915994 1921566 1921568 1919308 1919154 1919240 1920846 1916166 1921596 1919394 1920146 1920854 1919146 1920212 1916082 1916074 1916020 1920084 1919008 1919124 1921546 1920700 1921698 1920210 1916018 1915972 1920024 1920768 1920360 1920316 1919724 1920192 1920186 1919086 1919030 1920174 1920156 1920128 1920080 1920298 1920260 1916794 1916034 1919142 1919218 1920458 1920630 1920714 1919956 1919954 1920242 1916260 1916154 1916084 1920538 1920738 1920724 1920792 1920694 1919600 1919596 1920092 1916466 1916552 1916550 1916472 1916104 1919876 1919874 1919312 1915932 1915956 1919242 1919258 1919566 1919444 1916330 1916252 1916162 1919828 1919758 1919262 1919100 1920364 1918712 1916448 1916398 1916326 1919718 1919780 1919890 1916106 1919732 1919730 1919170 1919256 1921640 1919852 1919762 1916266 1916220 1916242 1919254 1915970 1920678 1916292 1916204 1919736 1916072 1916710 1916720 1919750 1921600 1921602 1921606 1916504 1916496 1920774 1919470 1919456 1920424 1920170 1916712 1919114 1918678 1916548 1916426 1916488 1918626 1920070 1921646 1922082 1920032 1920168 1919026 1919764 1919728 1919854 1918538 1916706 1919414 1916722 1920680 1916600 1916590 1921320 1923404 1921466 1921470 1923154 1921464 1920816 1921434 1921392 1921408 1921334 1921394 1921430 1921344 1921302 1918752 1918700 1920124 1919014 1918856 1921676 1920018 1920868 1916726 1921294 1921242 1923456 1921340 1921368 1921384 1918662 1918666 1918686 1921530 1918984 1918974 1918870 1918772 1919924 1921642 1920830 1916666 1921404 1921422 1921348 1921310 1921256 1921420 1921488 1923134 1923196 1920490 1918986 1918698 1918804 1919952 1923168 1923300 1923350 1921292 1921432 1921424 1921426 1918792 1918558 1921486 1923178 1921416 1923234 1923296 1923226 1923200 1918750 1918634 1918584 1916646 1923132 1923228 1921414 1921378 1921362 1921728 1921278 1920214 1920250 1918582 1916604 1921312 1923142 1923436 1921304 1920588 1920742 1920140 1921650 1921652 1918670 1921212 1921220 1921204 1921210 1921106 1921104 1921150 1920076 1916716 1918940 1918682 1921138 1923598 1923240 1923314 1923356 1923362 1923338 1918830 1918852 1918948 1920160 1920198 1920338 1920430 1916602 1923620 1920136 1920134 1921908 1916502 1918788 1920660 1920548 1920438 1916416 1916382 1916430 1916456 1916390 1918976 1918854 1919880 1920228 1920036 1919992 1920050 1920106 1920254 1920204 1919844 1916350 1916422 1918970 1923572 1923610 1923452 1923562 1921022 1921040 1920998 1923244 1920188 1923140 1921472 1923560 1923358 1920704 1920152 1920122 1919910 1923444 1923434 1923580 1923248 1923608 1920220 1920206 1918100 1923538 1923370 1923414 1920812 1920886 1918070 1920932 1920952 1920994 1921716 1921718 1920650 1923354 1923332 1923336 1923614 1923308 1923224 1923162 1923510 1920648 1920518 1920564 1920468 1920410 1922816 1922818 1922812 1923210 1923482 1923488 1923470 1923542 1923640 1922790 1922814 1922822 1918124 1921726 1921350 1923496 1921272 1920608 1920640 1920402 1923450 1923522 1921724 1922504 1922554 1923366 1923474 1923320 1923378 1923454 1920960 1923578 1923270 1923428 1923402 1923512 1922562 1921316 1921356 1921372 1921656 1920332 1923386 1921322 1921276 1922644 1922604 1922578 1922552 1922538 1922530 1919908 1920304 1920280 1923330 1922848 1920906 1918182 1918038 1921260 1921144 1921134 1920516 1923624 1923392 1923422 1921108 1921082 1921006 1920978 1920922 1922708 1922676 1920432 1919900 1923342 1923318 1921996 1922718 1920840 1920836 1918046 1920908 1920778 1920434 1920492 1923460 1920702 1920636 1920562 1920802 1923292 1920864 1920470 1920474 1922864 1922866 1922760 1922772 1922782 1920710 1920572 1923490 1923250 1922794 1920804 1920760 1918112 1920638 1920594 1920612 1923530 1923546 1921662 1920088 1920006 1923396 1920048 1921666 1919322 1921562 1921558 1921560 1920480 1920400 1920346 1920284 1920282 1923486 1923478 1920016 1923256 1923262 1923382 1923260 1920798 1920226 1920454 1919654 1919970 1920190 1919196 1919082 1923570 1923584 1923286 1919194 1919190 1919084 1920568 1920510 1920274 1920950 1921668 1920858 1920512 1919644 1920110 1921354 1921050 1919838 1920314 1921200 1920590 1920844 1920758 1920662 1920722 1918086 1921436 1921248 1921226 1920948 1921066 1920668 1920428 1920902 1921244 3932966 1921456 1919972 1921088 1921710 1920556 1920150 1918068 1919846 1919968 1920118 1920936 1923126 1921018 1921060 1915962 1917996 1918140 1921098 1921148 1921198 1921610 1922774 1921078 1920968 1920930 1918110 1920896 1921300 1920276 1921064 1920780 1920684 1920736 1920066 1918108 1921102 1921166 3934602 1919858 1920752 1919964 1920828 1920976 1921708 1921146 1921618 1920388 1920824 1920496 1922762 1920452 1920418 1921130 1923212 1921732 1921338 1921254 1920484 1920268 1920408 3932760 1921216 1920178 1920292 1920890 1920264 3936030 1920090 1919966 1919998 1918076 1920986 1920988 1917980 1921182 1923348 1921086 1921714 1920992 1921152 1918074 1921328 1920938 1920940 1920258 1921094 1921206 1923618 1923622 1923626 1923628 1918144 1921020 1921002 1923630 1923218 1923290 1921324 1921280 1921196 1921122 1921192 1915938 1921116 1921160 1920918 1923632 1923494 1921184 1916766 1916668 3932840 1921608 1922786 1921684 1916728 3930966 1917978 1916310 1916830 1916738 1916674 1919688 3933110 1921888 1920746 1921690 1920574 1921960 1922796 1922780 1922862 1922752 1920586 1920626 1920826 1920862 1916752 1920882 1922858 1922756 1922512 1920876 1920850 1920898 1920904 1920874 3932464 3930800 3931896 3931200 3931066 3930922 3934570 3931766 3930824 3930998 3932568 3934470 3932150 3932320 3934310 3932694 3933984 3934930 3935354 3934082 3932456 3933088 3933274 3932660 3931772 3934666 3933132 3932406 1921518 3932754 1915936 3930958 1922058 3932828 3931438 3936240 3934448 3934748 3931422 3930604 3931158 3934496 3934876 3934156 3934158 3934358 3931144 3933208 3931122 3931248 3935430 3930746 3934694 3934708 3935294 3933188 3930812 3932360 3931448 3934642 3935976 3931450 3933986 3933966 3934048 3931038 3931106 3934170 3935988 3932032 3930962 3931308 3931140 3930770 3934502 3934302 3934484 3932998 3931174 3932418 3934524 3934400 3931326 3932436 3934896 3934194 3934882 3934392 3931034 3931026 3931304 3932528 3932520 3932290 3934232 3933158 3930600 3930650 3931298 3931320 3931306 3931292 3931336 3932310 3931266 3931260 3931250 3932392 3935830 3934852 3934790 3936230 3934086 3934608 3934746 3933240 3934220 3936224 3934212 3934750 3936260 3934132 3931322 3934928 3936222 3931264 3934910 3932268 3936462 3932602 3934050 3935790 3934226 3932080 3934060 3931940 3931894 3931402 3930792 3930784 3930808 3930790 3930786 3931000 3931168 3931228 3934068 3934102 3931192 3934182 3930848 3930822 3931906 3931878 3931884 3931880 3931170 3931172 3933058 3934148 3930834 3931406 3931408 3930888 3930916 3934012 3935764 3936216 3935528 3933052 3930876 3931892 3931948 3931912 3933280 3934092 3934106 3934096 3936290 3934918 3931088 3936218 3932816 3932834 3931914 3930920 3930918 3930936 3930942 3931462 3934144 3934160 3931850 3931962 3934202 3930928 3930892 3930932 3930944 3934380 3934238 3934038 3930712 3932068 3931848 3931836 3931810 3931786 3931788 3930972 3930890 3931240 3934284 3931146 3930986 3931002 3930970 3931006 3932070 3933228 3935768 3934090 3930766 3931824 3931830 3931812 3931774 3931776 3931070 3930980 3931126 3933988 3935762 3930956 3930974 3934014 3934030 3934044 3934046 3933982 3931194 3934498 3931208 3931202 3931196 3931056 3935392 3934002 3934508 3931188 3931244 3936374 3933998 3931176 3930680 3930716 3935084 3935434 3932030 3930832 3931314 3931094 3931044 3931016 3930768 3930884 3930682 3930690 3930678 3930732 3930762 3930758 3931054 3932044 3930798 3932316 3931318 3930854 3931214 3931180 3931020 3930996 3930964 3934568 3930744 3932008 3930616 3934564 3936254 3932470 3932472 3932512 3932532 3930610 3930638 3930632 3931086 3930776 3930782 3931246 3932600 3932530 3932496 3932480 3932390 3932336 3934560 3934620 3931496 3931098 3934630 3935822 3933246 3933248 3932548 3932588 3932620 3930780 3930646 3931114 3932016 3932616 3933254 3932592 3932484 3932476 3930708 3930640 3930654 3931960 3931964 3931014 3931946 3932160 3930838 3930896 3931982 3936248 3935820 3935814 3932590 3932564 3930602 3932308 3932586 3932598 3932596 3935854 3930810 3934590 3932576 3932538 3930674 3930658 3932478 3932522 3932562 3932352 3932376 3930618 3930684 3930644 3931690 3930652 3931198 3934696 3934730 3934822 3934774 3932606 3932626 3932624 3930714 3930718 3930622 3932330 3933996 3931268 3930612 3931686 3932646 3932640 3932688 3932654 3932468 3932400 3930742 3932162 3934124 3934828 3934650 3934926 3934900 3934890 3932058 3932072 3935748 3932276 3931312 3931302 3931984 3931184 3930846 3931118 3934406 3934258 3931154 3931152 3935750 3930724 3930704 3930694 3931112 3930864 3931160 3934974 3935874 3936094 3931254 3930670 3930664 3930666 3931080 3931082 3930960 3934250 3934318 3934242 3934218 3934210 3934162 3931682 3931396 3934114 3931156 3931166 3935076 3930662 3932768 3932798 3934262 3934118 3936244 3936228 3934440 3931342 3933978 3933958 3933972 3935058 3935012 3932796 3932382 3934332 3934166 3934174 3935770 3934458 3934466 3932648 3935842 3935070 3934856 3933098 3933124 3932820 3932356 3934154 3932450 3933130 3934872 3933056 3933054 3935788 3936232 3932410 3934592 3935800 3933204 3933202 3935494 3932890 3932936 3934536 3931330 3936234 3934402 3934420 3934836 3933286 3933118 3933122 3933128 3933146 3936226 3934596 3932448 3932384 3934320 3933136 3933148 3935018 3933114 3932900 3932902 3934542 3934578 3934612 3934548 3932370 3934338 3932680 3935796 3932724 3932788 3932982 3932814 3935568 3935522 3935578 3936242 3934266 3932322 3932358 3932318 3934518 3933212 3933216 3933230 3932738 3933260 3932746 3933258 3932366 3932334 3932430 3932652 3933090 3933276 3933152 3933156 3933162 3934116 3934112 3934104 3932714 3933154 3933160 3932908 3933278 3932972 3932826 3932804 3932780 3936238 3932282 3934516 3933174 3933170 3933182 3935276 3933184 3935412 3932766 3934504 3936236 3931358 3934264 3932274 3932794 3932870 3932860 3932888 3935348 3935402 3933190 3932444 3935798 3936016 3936220 3934018 3932372 3933196 3933200 3930988 3931800 3932074 3934280 3934424 3934388 3932492 3932458 3936214 3935792 3932396 3930900 3931746 3931732 3931738 3932140 3931698 3932136 3931332 3932594 3931794 3931838 3931814 3931840 3932164 3931700 3934278 3934306 3932518 3936252 3934276 3931712 3932134 3932132 3931842 3931868 3931058 3931008 3932296 3934436 3934600 3931036 3931040 3931048 3931096 3932002 3932294 3933022 3932988 3935014 3934794 3933266 3933268 3934586 3936256 3932846 3932868 3932978 3935894 3935892 3933072 3933030 3935342 3935850 3935502 3932790 3932762 3933264 3936110 3934626 3934690 3934706 3932920 3935460 3935252 3934800 3934816 3934864 3934914 3935246 3932994 3932964 3935548 3935382 3933304 3933002 3932992 3935678 3932818 3935700 3934868 3934874 3936056 3932946 3932948 3932918 3935888 3935432 3933024 3933060 3932904 3932852 3936266 3932958 3936286 3935186 3933068 3933270 3932862 3932880 3932894 3935450 3932942 3932970 3932872 3932892 3934860 3934886 3935016 3934986 3935248 3934814 3935616 3934962 3934842 3934838 3932882 3935042 3936272 3936274 3935068 3935272 3933074 3935226 3935178 3935230 3932750 3934988 3936280 3933082 3932898 3935338 3934684 3932838 3933292 3933290 3935182 3932916 3936282 3935990 3935240 3935234 3935468 3933010 3936284 3934846 3934810 3934784 3936262 3932610 3935306 3936278 3935372 3933048 3933064 3933008 3935288 3935632 3936100 3932638 3932612 3933256 3932676 3932708 3933086 3935152 3935106 3936250 3934796 3935826 3935396 3935040 3935052 3932702 3932744 3932732 3932678 3932662 3932622 3933014 3935628 3932878 3932614 3932378 3932326 3934510 3936258 3934840 3934726 3934618 3935722 3936454 3932938 3935416 3935480 3936472 3936386 3935890 3408121 3935694 3936294 3935926 3935452 3406819 3405285 3936448 3936288 3935714 3935730 3935604 3935536 3935428 3930592 3935520 3935832 3936112 3936452 3935360 3936482 3936480 3935098 3934980 3933234 3935340 3935312 3935344 3405305 3408169 3936494 3935130 3934972 3934370 3935438 3408079 3407083 3934920 3934906 3934936 3934904 3930596 3935486 3935172 3935406 3406699 3936500 3936490 3935856 3935132 3935034 3935860 3935866 3934934 3935718 3934968 3406735 3935358 3934956 3936270 3933226 3935636 3933220 3933224 3935674 3935676 3935652 3935688 3935282 3934760 3935552 3932718 3932684 3932672 3932668 3932696 3935564 3936382 3936160 3935420 3935526 3935660 3935682 3936292 3936384 3935580 3935692 3935684 3932712 3932778 3932730 3932752 3932742 3408175 3408205 3405359 3405309 3406875 3406877 3408167 3408133 3406879 3406663 3406677 3405633 3407245 3407121 3408145 3408177 3408173 3408163 3408135 3408129 3405461 3407273 3407277 3405949 3406721 3406889 3406725 3407105 3408125 3408143 3408127 3408211 3406895 3406773 3407059 3405353 3407055 3406659 3405101 3405131 3408115 3406685 3405373 3406723 3408033 3407997 3406771 3406783 3406873 3408051 3406227 3935122 3932262 3936268 3407069 3406713 3932774 3933232 3933210 3933218 3406125 3405453 3936264 3935158 3935188 3406755 3406891 3406887 3406769 3935268 3936276 3934770 3406885 3406653 3935290 3935286 3935334 3406825 3935362 3935296 3931360 3934764 3931162 3931328 3930590 3405933 3405361 3405321 3407159 3407141 3408071 3407411 3407143 3405835 3405315 3404895 3406237 3404907 3408013 3406743 3404873 3405363 3405529 3406117 3404847 3406235 3405691 3404877 3408113 3407035 3405827 3408091 3406249 3405481 3406243 3405511 3405463 3404883 3404867 3405503 3407539 3405493 3405701 3405833 3405083 3405293 3405267 3405259 3405747 3406145 3407311 3406707 3407429 3405705 3405311 3407127 3408189 3405657 3405645 3405025 3405867 3405865 3407309 3405473 3406211 3405029 3404999 3405467 3405627 3405685 3408103 3405525 3406083 3406255 3407305 3407041 3406155 3405687 3408119 3407371 3405707 3408045 3405599 3405291 3405289 3405279 3405319 3405249 3407209 3405675 3407043 3407081 3407067 3405251 3405237 3405227 3405431 3405549 3405093 3408055 3407221 3405595 3406733 3405519 3405113 3404983 3404963 3405031 3405125 3406667 3407203 3406757 3405221 3405553 3406763 3405485 3405427 3405559 3405837 3405483 3406229 3408123 3407211 3407107 3408037 3407145 3406747 3406883 3407225 3406751 3405399 3406077 3406233 3407109 3407207 3407023 3406703 3406691 3406239 3405445 3407087 3405515 3405571 3404849 3408171 3407247 3406859 3406701 3405317 3404831 3408031 3405823 3405769 3404951 3405191 3404941 3405013 3405121 3408295 3408201 3408269 3404949 3405889 3405037 3405003 3405049 3405011 3405165 3404947 3408215 3407379 3405219 3405217 3404971 3405897 3407375 3407435 3885340 3405157 3406221 3405351 3405155 3405181 3405489 3407577 3407363 3405499 3408229 3407369 3407521 3885356 3885780 3405069 3405045 3405887 3405927 3408227 3406223 3405751 3404901 3405327 3404969 3404823 3405129 3405533 3405545 3404803 3405301 3405111 3405167 3407139 3407117 3407605 3404809 3408223 3405863 3405883 3404913 3407253 3408231 3407189 3404843 3404845 3405969 3405303 3405107 3404987 3407213 3407227 3407157 3407381 3405051 3405307 3406019 3404801 3405557 3404975 3408107 3404887 3404855 3404885 3404813 3404807 3404897 3404961 3405719 3406893 3406785 3406799 3405891 3404827 3404825 3404839 3404833 3405073 3404993 3406797 3405689 3408069 3405261 3406225 3405421 3405491 3405233 3407377 3406739 3405297 3405061 3406779 3405781 3407071 3407561 3404943 3407085 3405805 3407263 3405959 3405087 3407457 3407123 3405715 3405721 3406247 3405531 3406179 3406257 3405807 3407037 3405737 3407119 3405795 3405537 3405723 3405603 3405647 3407269 3407297 3405631 3406251 3407265 3407125 3405509 3407005 3407171 3407383 3407197 3407057 3407325 3407327 3405673 3405355 3407271 3405085 3405299 3406087 3406025 3405247 3405739 3405275 3406697 3405179 3407073 3407261 3405763 3406681 3405207 3405153 3405159 3405127 3405905 3405903 3405041 3405901 3406683 3406881 3405123 3406029 3406231 3405929 3405447 3404959 3404945 3405861 3404893 3406999 3405133 3405871 3406207 3406197 3405735 3405733 3405565 3405809 3405745 3406245 3405449 3405505 3405425 3405313 3404909 3404797 3404911 3404795 3406647 3405941 3405943 3405563 with 1 link
1 most connected region:
3367184 with 5 links
