Neighbour list object:
Number of regions: 10367 
Number of nonzero links: 20624 
Percentage nonzero weights: 0.01918963 
Average number of links: 1.989389 
40 regions with no links:
19388610 19390268 19386446 19392010 19390264 19392512 19392570 19391382 15409789 15409787 167484490 15409419 15410585 15410691 15410471 15401122 15400590 15397652 15400238 15382341 15385151 15379337 15381391 15382371 15381009 15380109 15381007 15379299 15379165 15382201 15381735 15381167 15382329 15382255 15379233 15381309 15385039 15371034 15363251 15362717
Link number distribution:

   0    1    2    3    4    5 
  40 4097 2234 3926   69    1 
4097 least connected regions:
19392604 19392660 19389126 19390996 19386824 19390504 19389448 19391766 19389694 19391246 19392114 19387090 19387806 19388654 19388316 19387818 19390950 19389624 19391224 19387038 19392132 19391326 19389250 19391102 19391516 19391712 19391454 19391306 19388364 19391978 19391820 19391808 19391530 19388340 19388134 19391732 19391620 19391568 19389434 19389464 19391340 19389394 19386628 19389310 19389112 19389326 19392086 19391520 19391472 19391360 19389362 19391012 19390456 19389462 19391588 19389322 19391050 19390466 19389262 19392416 19391680 19391378 19389948 19391498 19389090 19389404 19391600 19391646 19389076 19392030 19391694 19386530 19387846 19392166 19392906 19391034 19387834 19391384 19387496 19391544 19391710 19386498 19391348 19392236 19388268 19389420 19388534 19391632 19390922 19391534 19391610 19390964 19391086 19391752 19393012 19390900 19389150 19391262 19390916 19389492 19390984 19390954 19389976 19392380 19389990 19388842 19388878 19389008 19388994 19390952 19392430 19392438 19392988 19391094 19388996 19392442 19389500 19391328 19391044 19391278 19391554 19389140 19391508 19391140 19387652 19391312 19391252 19391442 19391412 19392474 19392452 19391042 19391288 19389012 19390960 19392986 19391420 19389672 19391480 19391464 19389032 19391714 19391260 19389344 19389338 19391226 19392202 19392754 19393006 19391388 19390930 19391870 19391826 19386648 19391488 19390300 19386450 19391616 19391644 19393002 19389472 19391386 19391830 19391850 19391898 19389440 19391842 19389388 19389324 19389944 19391100 19391126 19389002 19391084 19391320 19389312 19388904 19388986 19389136 19391066 19391514 19391070 19391532 19389330 19390008 19390022 19389416 19389316 19389222 19390038 19389042 19393000 19389070 19389010 19391058 19389016 19389270 19389230 19389208 19389170 19389498 19386320 19388858 19389802 19392436 19392426 19389688 19390966 19388762 19392468 19387034 19391394 19389668 19388016 19389482 19391676 19390998 19391112 19391182 19389124 19389954 19388676 19389756 19388614 19391180 19391352 19389942 19389148 19389666 19388456 19389122 19388496 19389722 19387928 19387902 19387904 19389166 19388302 19391080 19391078 19388666 19388692 19388708 19391330 19391110 19392992 19388458 19388462 19390500 19388264 19389134 19389234 19389832 19389838 19388928 19390494 19388258 19388370 19389470 19391098 19389460 19388872 19389872 19389022 19388262 19388212 19392448 19392450 19390972 19391036 19389304 19389132 19390172 19391134 19391422 19388284 19388558 19389318 19389108 19389314 19389466 19390910 19390974 19391152 19388454 19389662 19391064 19391434 19391414 19391456 19389438 19388638 19388600 19391158 19388628 19388644 19388632 19388758 19392412 19392990 19389428 19388384 19391048 19388044 19390472 19389444 19391176 19389306 19391230 19391216 19391106 19391092 19391006 19388088 19390470 19388626 19387186 19387184 19387004 19387002 19387204 19386998 19388346 19388108 19390488 19390486 19387020 19387026 19386992 19388312 19388130 19389368 19389372 19389468 19391122 19387202 19389660 19391390 19391024 19389168 19389046 19388566 19388590 19388580 19388596 19386972 19388582 19388588 19391120 19391440 19392998 19391290 19387028 19388792 19387036 19388098 19390450 19391256 19390460 19391296 19388242 19388292 19388398 19388382 19388674 19391236 19391240 19388250 19387070 19387080 19391794 19392524 19389436 19390458 19388380 19392996 19388116 19388072 19388550 19389272 19389418 19391272 19391124 19391338 19391354 19387986 19387832 19392510 19391582 19391542 19392492 19391364 19391186 19392460 19389950 19387918 19391200 19389938 19389920 19389024 19389080 19390956 19391590 19391324 19388460 19389866 19389874 19389808 19388318 19390280 19388282 19388202 19388690 19388084 19388144 19389864 19389862 19389800 19388606 19389932 19389928 19389926 19389940 19389968 19389982 19389814 19388446 19388070 19390296 19388136 19388272 19390284 19390004 19389980 19389964 19390298 19389026 19389188 19389158 19389160 19389102 19389094 19388376 19389092 19389128 19388064 19388390 19388546 19389702 19388356 19388354 19390286 19388966 19386976 19388394 19388844 19388510 19387106 19389172 19389096 19389156 19389192 19389202 19389654 19389636 19388796 19388860 19389828 19389844 19388468 19388634 19388938 19388890 19386982 19386986 19388388 19388298 19388288 19388172 19388164 19388694 19388916 19389698 19388238 19389254 19389180 19387516 19386650 19388978 19389696 19386536 19388326 19388320 19388334 19386356 19387522 19387552 19390262 19387560 19387610 19390266 19388118 19388856 19388252 19389060 19386562 19386476 19386596 19386576 19386508 19388642 19389726 19388924 19390288 19389062 19386636 19386826 19387752 19387734 19389718 19389656 19388864 19388798 19390292 19387724 19387696 19386534 19386454 19388930 19388958 19388990 19388960 19388754 19388528 19389908 19387100 19389796 19386332 19387642 19387684 19388902 19388896 19389786 19388720 19389896 19388954 19389824 19389432 19389426 19389408 19389106 19388956 19388868 19388578 19388914 19388952 19388766 19388680 19389424 19389400 19389346 19389348 19388808 19387108 19389406 19389454 19389048 19389050 19389754 19386970 19390270 19386736 19386492 19386458 19387728 19386746 19386676 19389574 19387578 19387662 19386368 19387586 19387612 19386336 19386540 19387972 19386482 19386818 19387900 19387862 19387788 19389602 19386582 19386812 19390276 19387892 19387590 19387540 19387588 19387622 19386398 19390272 19390274 19386456 19386814 19386598 19386646 19387890 19388042 19388026 19386468 19386452 19386460 19388112 19390278 19388024 19387854 19387852 19386666 19386520 19386342 19386338 19388150 19386374 19386420 19386558 19387530 19389474 19390936 19386378 19386546 19386548 19387872 19386444 19387936 19386724 19386470 19392326 19392354 19392364 19391020 19391040 19389356 19389354 19386322 19390282 19387820 19387732 19389746 19391740 19392374 19392346 19387772 19389834 19388682 19386720 19389884 19389058 19389116 19389014 19386486 19386328 19388972 19391756 19389860 19388840 19388548 19387570 19389680 19389682 19387690 19387828 19386718 19387912 19388030 19388018 19388094 19389626 19389628 19386440 19386478 19388146 19388184 19388216 19386630 19389784 19389776 19389744 19386604 19390260 19386644 19388210 19388214 19389644 19388420 19388466 19386734 19387548 19388052 19391718 19393028 19391088 19391114 19388504 19388536 19386820 19392994 19389484 19387050 19387046 19387042 19386670 19386528 19387068 19388276 19388330 19387542 19388124 19387648 19388402 19389686 19388404 19389684 19390290 19387072 19387094 19387680 19388278 19393118 19388096 19387614 19387706 19387708 19391504 19391652 19392066 19388286 19392306 19392248 19392232 19388008 19388114 19391540 19392592 19392032 19392008 19387688 19387740 19387790 19387850 19388138 19392224 19393026 19388106 19391786 19387878 19389612 19389616 19387978 19387844 19387710 19391904 19392052 19392582 19392034 19387780 19387808 19388338 19388266 19392382 19391990 19392586 19387654 19387682 19387608 19388086 19392352 19387794 19387638 19387664 19387600 19391706 19392022 19388226 19387766 19392640 19392310 19392332 19392018 19391902 19391872 19391890 19391880 19387742 19388152 19389594 19392252 19388522 19388474 19388246 19388234 19388290 19392340 19390506 19389212 19387666 19391876 19392858 19391950 19392312 19387798 19392286 19392350 19388190 19392308 19388166 19391666 19393022 19388078 19388012 19392908 19392894 19387092 19392500 19391476 19391754 19388002 19387964 19392384 19391764 19388102 19391432 19390508 19391560 19388080 19387944 19387858 19387940 19392630 19392624 19392152 19392300 19387880 19386426 19391448 19391446 19387856 19391780 19391762 19392184 19392626 19392226 19392280 19387896 19391482 19391502 19390512 19390554 19392042 19392396 19392210 19392186 19392164 19388006 19392498 19386464 19386472 19386822 19386350 19392220 19392228 19392212 19392194 19392146 19392122 19387830 19387802 19392090 19387796 19387774 19391724 19386526 19386816 19386362 19392290 19393122 19392362 19386348 19387800 19387822 19387840 19387932 19391396 19392562 19388658 19391526 19391700 19391930 19392188 19392618 19391908 19393010 19393016 19391220 19391302 19392000 19391944 19391846 19391274 19392466 19392470 19391342 19392620 19392622 19392628 19393008 19390222 19390518 19392632 19392234 19392514 19392516 19391812 19391704 19392568 19391858 19391832 19391848 19390354 19392014 19392886 19392238 19393020 19391888 19391886 19391980 19391862 19392250 19392282 19392294 19392256 19392244 19392296 19392004 19391998 19392580 19392112 19391986 19391790 19392504 19392508 19391512 19391510 19392036 19392876 19392866 19392782 19392124 19392142 19391572 19391782 19391574 19391956 19388560 19392652 19392260 19392254 19393030 19392016 19392082 19391952 19392140 19392304 19387006 19391604 19391630 19391640 19391578 19391960 19392154 19391576 19391654 19393024 19392610 19388494 19389670 19391268 19392176 19391698 19392572 19392874 19392006 19392566 19391866 19391864 19393014 19391196 19392170 19390092 19391838 19392786 19391948 19392540 19391170 19391914 19392554 19392542 19392550 19392608 19392092 19392100 19392098 19392080 19391166 19393018 19392518 19392558 19392534 19392536 19392072 19392060 19391148 19391130 19391974 19388918 19389812 19391436 19392666 19391538 19393004 19392458 19391570 19392368 19392360 19388760 19390294 19389582 19391928 19388598 19388564 19388612 19388662 19391816 19386638 19387866 19389652 19389758 19390164 19389064 19389178 19389586 19387716 19389736 19390184 19392388 15409435 15409929 15409167 15409563 15410979 15411351 15409865 19391410 19391416 19391398 19391922 19392920 19391940 19392900 19388670 19388656 19392490 19392482 19392522 19389410 19392480 19391444 19391376 19391486 19391828 15411673 15409911 15408995 15410593 15411353 15410421 15411723 15409985 15410179 15409519 15409123 15409227 15411045 15409235 15409081 15411159 15409289 15411589 15410443 15410005 15411581 15411457 15410383 15409311 15411729 15411753 15411755 15409025 15410105 15410215 15410161 15410345 15410183 15411203 15409493 15409437 15409353 15410795 15411143 15410307 15409219 15411347 167484482 15409713 15409383 15409575 15409037 15409951 15409129 15409083 15408755 15408747 15411053 15411051 15411293 15410315 15410317 15409061 15409045 15409897 15409149 15408741 15411003 15411015 15410969 15409647 167484496 15409655 15408733 15408739 15409217 15409257 15409321 15411181 15411139 167484494 15411781 15411171 15409433 15411167 15411169 15409239 15411147 15409841 15409779 15409927 15409401 15409377 15409953 15411757 15411759 15411201 15410221 15409413 15410297 15409341 15410775 15409307 15411343 15409727 15409785 15411285 15410785 15409749 15411787 15409689 15408745 15409407 15409601 15409451 15410013 15410109 15410289 15411609 15409355 15409565 15410449 15409691 15409315 15411595 15411291 15410051 15410267 15409737 15411721 15409015 15409079 15409203 15408767 15408997 15410427 15409049 15410457 15410361 15409735 15409699 15411259 167484492 15409319 15411737 15409489 15409515 15409579 15410773 15409619 15409777 15409831 15411379 15409329 15409095 15411771 15411263 15409663 15409427 15410831 15410681 15409843 15410181 15411349 15409919 15409199 15409197 15410759 15410961 15410867 15411177 15409947 15410995 15410833 15410689 15409245 15409157 15411369 15411135 15409977 15409215 15409077 15409747 15410989 15411137 15411727 15409293 15411303 15410029 15411185 15409763 15409739 15409853 15410429 15410463 15410269 15409485 15409469 15409765 15409509 15411355 15409423 15409593 15410363 15409935 15409963 15409993 15409331 15411335 15409429 15411309 15409395 15409813 15410133 15409659 15409253 15411161 15411173 15409849 15409835 15409801 15409553 15409673 15409533 15409115 15409103 15409101 15409121 15411157 15409973 15411211 15409263 15410917 15409541 15411357 15410009 15411485 15409957 15409909 15411271 15411163 15410225 15411149 15409043 15409093 15409099 15409059 15411255 15409823 15411239 15409267 15411145 15409591 15409385 15410875 15409455 15409525 15409759 15409807 15410185 15409653 15411341 15409345 15409359 15409249 15410893 15411153 15409723 15409609 15410799 15409793 15410209 15411367 15409995 15409595 15410509 15410609 15410607 15410647 15410661 15410669 15410695 15410719 15409389 15409683 15409895 15410177 15409671 15409277 15410751 15409861 15409921 15409753 15410485 15409539 15409615 15409707 15409913 15410503 15411359 15410517 15410539 15410481 15409939 15409873 15409337 15409125 15409415 15409463 15411251 15411591 15410667 15410475 15409771 15409537 15409627 15409617 15409009 15409845 15411235 15411401 15410723 15410523 15410733 15410491 15409373 15411633 15411593 15409817 15409567 15409681 15409901 15409879 15410513 15410415 15410063 15411205 15410757 15409585 15411031 15411069 15411287 15409643 15411151 15409035 15409021 15408985 15411371 15409847 15409557 15409629 15411393 15409033 15409207 15411061 15411469 15410061 15409639 15410635 15409555 15409551 15411805 15408749 15408743 15411199 15410911 15411323 15411087 15410435 15411041 15411011 15411047 15410653 15411029 15411419 15411421 15411423 15411601 15411667 15411765 15411017 15410407 15410453 15410441 15410763 15411451 15410715 15410403 15410365 15410399 15410263 15410919 15410913 15410963 15410955 15410765 15410525 15410257 15410341 15410575 15410437 15411319 15410147 15411811 15410193 15411597 15410169 15410783 15410285 15410999 15410841 15411435 15410151 15410171 15410949 15411447 15410985 15410981 15410851 15411605 15410705 15411603 15411403 15411399 15410391 15410477 15411809 15411455 15411321 15410373 15410533 15410287 15411395 15411599 15410187 15410845 15410379 15411427 15410599 15410189 15411717 15410811 15410825 15410877 15410939 15411607 15410907 15411439 15410673 15410683 15410959 15409969 15410321 15410991 15410625 15410749 15410887 15410411 15410493 15410003 15410055 15411049 15411013 15411021 15410547 15410603 15411417 15410501 15410095 15410805 15410937 15410417 15410837 15410791 15410793 15410425 15410127 15410213 15411009 15411037 15410387 15410041 15411055 15411217 15410093 15410677 15410543 15411453 15410145 15410559 15410195 15410101 15410113 15410343 15410643 15411373 15410239 15411191 15411195 15411221 15409745 15410125 15410107 15409979 15410021 15410401 15410469 15410495 15397612 15411713 15410645 15410655 15409715 15411311 15410201 15410027 15409029 15411095 15401362 15400266 15400362 15400252 15400288 15400282 15401020 15400292 15401560 15400294 167484511 15400264 15400258 15400344 15399078 15401246 167484586 15411525 15401558 167484517 15401544 15399212 15399384 15410511 15410827 15409697 15411783 15411785 15410551 15410433 15410439 15410405 15410357 15410419 15410819 15411767 15400858 15401600 15399506 167484584 15401640 15400248 15400250 15397858 15401076 15397852 15401052 15401616 15398194 15397856 15399392 15399286 15401316 15401366 15399148 15399040 15401596 167484591 15401328 15401720 15399192 15399564 15400234 15398974 15400352 15399070 15400254 15399444 15400888 15401004 15400290 15398904 15398926 15401628 15401214 15401184 15398986 15399020 15398890 15400948 15401658 15401326 15401182 15399256 15401082 15401090 15401124 15401080 15400272 167484582 15401670 15399396 15399338 15399356 15399350 15399324 15401654 15397996 15401024 15397838 15401084 15401118 15400984 15397624 15401002 15400144 15401318 15401232 15399206 15399306 15399060 15399026 15400924 15400828 15399336 15400556 15400558 15400610 15400608 15400696 15401164 15401286 15401030 15401716 15400990 15401718 15399458 15399388 15401274 15399414 15399330 15399442 15400694 15400688 15400680 15400666 15400660 15400644 15399368 15399526 15399010 15399440 15401078 15400550 15400654 15400730 15400818 15401580 15400778 15400934 15400878 15401664 15399252 15399108 15399172 15400890 15400786 15400762 15401312 15401152 15399156 15399056 15400648 15400546 15400544 15400724 15401714 15400664 15399210 15400652 15401110 15399320 15399268 15401590 15397758 15401280 15399086 15400554 15399042 15399068 15401206 15399166 15401036 15400906 15400914 15401074 15399424 15399038 15397986 15398010 15400162 15400166 15400684 15400538 15400920 15399238 15400976 15400186 15397898 15401682 15400866 15399074 15400902 15399216 15399160 15399090 15399066 15399028 15399044 15399114 15399106 15397964 15397990 15398342 15397936 15400526 15400806 15399412 15399118 15400774 15401148 15401066 15400792 15397954 15397972 15400716 15400880 15400992 15400988 15400600 15399264 15399420 15401140 15400956 15401042 15397874 15397866 15401582 15399344 15399232 15398340 15397956 15397974 15397952 15397976 15400784 15401200 15400978 15401012 15400926 15400824 15400722 15399240 15401026 15398128 15400952 15399248 15399136 15399312 15399144 15401508 15401444 15399124 15399080 15398924 15399204 15401712 15400810 15401086 15398122 15398140 15398086 15398048 15401530 15401426 15401474 15397882 15397862 15398198 15398186 15398424 15397864 15401180 15401378 15401428 15397832 15398166 15398078 15398126 15401518 15401512 15398196 15399968 15401322 15401462 15401490 15401504 15397896 15398130 15398158 15398188 15398240 15401546 15401550 15401548 15401064 15401500 15401454 15401452 15401414 15401538 15401514 15401536 15401418 15401388 15401310 15397924 15397960 15397958 15397836 15397908 15397890 15398254 15398252 15399984 15400014 15400058 15401238 15401224 15399996 15401638 15401226 15401396 15397844 15401434 15398148 15401562 15397804 15401260 15401230 15401352 15401320 15401404 15401722 15397830 15400052 15400098 15400080 15398092 15398230 15398060 15401384 15401668 15398836 15399302 15399088 15399134 15400056 15399288 15399132 15398840 15398822 15398814 15400378 167484588 15397814 15398082 15398806 15398800 15398798 15399104 15398210 15398224 15401652 15401648 15401660 15401440 15398248 15398176 15398214 15398218 15399966 15400004 15401534 15401646 15401624 15401554 15398788 15398760 15398786 15398846 15398892 15401336 15398222 15401520 15401496 15398174 15398758 15398756 15398754 15399554 15401662 15401610 15398076 15401574 15400604 15401364 15401250 15399316 15401382 15398212 15401498 15401094 15400950 15401588 15401572 15401524 15397850 15398088 15401592 15401188 15400940 15400850 15400802 15398976 15398884 15399084 15399072 15399048 15398992 15399558 15398740 15397610 15397616 15399562 15398994 15398672 15397634 15397640 15397666 15399552 15397628 15397626 15397668 15397660 15397620 15398954 15398850 15398900 15398896 15397650 15397622 15396808 15398980 15397684 15397700 15397728 15397742 15398348 15398014 15398962 15398966 15399164 15398702 15398988 15398808 15397734 15400582 15399438 15398008 15398676 15398972 15397592 15397712 15398894 15397824 15397842 15397982 15397944 15397584 15397586 15399082 15396816 15396812 15398868 15397746 15397718 15397706 15397724 15398854 15399112 15397926 15398810 15398886 15398882 15398970 15398722 15398096 15397736 15397714 15400196 15400204 15397582 15398716 15399406 15400180 15397614 15399110 15399146 15399270 15400156 15400150 15400124 15400108 15400094 15396802 15396798 15396804 15397618 15397608 15399556 15398072 15398070 15396792 15397606 15397602 15399226 15398724 15400118 15382193 15398856 15398874 15400548 15398936 15398938 15398930 15398674 15399016 15400084 15400040 15399308 15397630 15398984 15397720 15398006 15398002 15400146 15397636 15397638 15398968 15398694 15400192 15400200 15401070 15401170 15401196 15397854 15398726 15399050 15398052 15398040 15398056 15398032 15401240 15401194 15399314 15411795 15400936 15400844 15399142 15401248 15401108 15400908 15400912 15400772 15399426 15400798 15400958 15399292 15399200 15400744 15398902 15400390 15398680 15398916 15400826 15400748 15400672 15400628 15400622 15400372 15399430 15400800 15399282 15399560 15398686 15401394 15401098 15400102 15399094 15399126 15400612 15400620 15400752 15400096 15379861 15401014 15400968 15400872 15400882 15379123 15399298 15399334 15401726 15400178 15400114 15379847 15400380 15400142 15400206 15399228 15379783 15400170 15400208 15400136 15400212 15401710 15400242 15397710 15399092 15400246 15400690 15400756 15400794 15401192 15398138 15398098 15398742 15398732 15398736 15400126 15400132 15399394 15398720 15398714 15399242 15398156 15400972 15381323 15381159 15384685 15381539 15381423 15381493 15380789 15385321 15379183 15381389 15383401 15379461 15382751 15379231 15381741 15380863 15385287 15400018 15400092 15400050 15380725 15385309 15382467 15381289 15381897 15384797 15384501 15383975 15384295 15383309 15380001 15382147 15379693 15382071 15382019 15382175 15382199 15382197 15381739 15382261 15384455 15384507 15379509 15381755 15382281 15382363 15382479 15382523 15382665 15382719 15382705 15381927 15381663 15383181 15382629 15382565 15382541 15379315 15382711 15385319 15384533 15382509 15379101 15384979 15384001 15382627 15380773 15381799 15382683 15379321 15382171 15381143 15383969 15382485 15385017 15385051 15385149 15385217 15385215 15382417 15382755 15381051 15381035 15381809 15382669 15385127 15385385 15385133 15383129 15381839 15385023 15383423 15381777 15381843 15380099 15384657 15382771 15381819 15381077 15382035 15381997 15382621 15379403 15385431 15385211 15382545 15382427 15381153 15381131 15385075 15385083 15384651 15383099 15383407 15381981 15382607 15385383 15379107 15382623 15382245 15382415 15384655 15385395 15385399 15382671 15385031 15382675 15382013 15382833 15382653 15382655 15383259 15382295 15382119 15383987 15381941 15380157 15382739 15382575 15383971 15381575 15382863 15385005 15382865 15379909 15384629 15382081 15382079 15381913 15382499 15385053 15385055 15385091 15382637 15384453 15385325 15382379 15382567 15381905 15382709 15382691 15383425 15382557 15384023 15383981 15384805 15382511 15382373 15384367 15381089 15384319 15384787 15381111 15381091 15382443 15383201 15381813 15382535 15382741 15385281 15385403 15384795 15382693 15384055 15384519 15381761 15381861 15385465 15385187 15381327 15385273 15381299 15381223 15385235 15381207 15381903 15382045 15382681 15382599 15382589 15382593 15382543 15384995 15382775 15382229 15385207 15385289 15382475 15382459 15382847 15384799 15384033 15381979 15385393 15385311 15385113 15381421 15381201 15382129 15382269 15382577 15382271 15382237 15385159 15381359 15384083 15385243 15385277 15381173 15384003 15382169 15383437 15383349 15382235 15381599 15381559 15381547 15385275 15384053 15385219 15385401 15385331 15384019 15382309 15383427 15383341 15382471 15382439 15381549 15382699 15382659 15382695 15382781 15385203 15384449 15385323 15385315 15384165 15384235 15385173 15385119 15385397 15382645 15385205 15384017 15385317 15381171 15382401 15382391 15381783 15381693 15385469 15385269 15381325 15382355 15382321 15382289 15382181 15382337 15382215 15382059 15385049 15381637 15381639 15385471 15381999 15384647 15379923 15379967 15379931 15379855 15379875 15379895 15385135 15381697 15385333 15384221 15384085 15379921 15384815 15384819 15385157 15385121 15385175 15384109 15384065 15381379 15382677 15384817 15384639 15384601 15379947 15379957 15379999 15385029 15384983 15382715 15384225 15384499 15381427 15380057 15380017 15384605 15384575 15384729 15384731 15384727 15384211 15381169 15381255 15382777 15381521 15385467 15381307 15384733 15379785 15380015 15380005 15379985 15381447 15381531 15381561 15381629 15381631 15385065 15385063 15382909 15384139 15379969 15384529 15384521 15384513 15384459 15382521 15382517 15385259 15385073 15385299 15382311 15383435 15383433 15385067 15385059 15385261 15381147 15385341 15379881 15382583 15383439 15384973 15379289 15379901 15379879 15384517 15384505 15384525 15383999 15384021 15379393 15379125 15384249 15384181 15384215 15380113 15384473 15380153 15384105 15384129 15384093 15384009 15383985 15384709 15379497 15384121 15384163 15380209 15384443 15384547 15384739 15384809 15384013 15384707 15384617 15384323 15384423 15384385 15383997 15384043 15384097 15384135 15384137 15384609 15384661 15380035 15384321 15384301 15379813 15380151 15379797 15384535 15384563 15384583 15380203 15384333 15384475 15384325 15384329 15379907 15379829 15384161 15384197 15384239 15384251 15384257 15384273 15384189 15384151 15380111 15384409 15384429 15384447 15384397 15379841 15379835 15379817 15384801 15379517 15379885 15379903 15384693 15384743 15384747 15384577 15384595 15384587 15384621 15384637 15384723 15384477 15384483 15384191 15384357 15384125 15384231 15384269 15384177 15384173 15384169 15384659 15379893 15384229 15379869 15384613 15384745 15379843 15384101 15384077 15384041 15380733 15380747 15380857 15380813 15379757 15384633 15384803 15384339 15384341 15379933 15380809 15380825 15380821 15379507 15379185 15380091 15380097 15384413 15384351 15384379 15384427 15379195 15379179 15379169 15384331 15384311 15384305 15384363 15380797 15380839 15380787 15379219 15379235 15379223 15384721 15384457 15384387 15384059 15384067 15384057 15380121 15384361 15384343 15379225 15379253 15379511 15379283 15379323 15384813 15379845 15384047 15380959 15380947 15379263 15384355 15384007 15384807 15384261 15384157 15385199 15384247 15381127 15381183 15384313 15379799 15385171 15385169 15385229 15385209 15380107 15379145 15380737 15379243 15379285 15380781 15380817 15380887 15380103 15379271 15379193 15380079 15380177 15380179 15379105 15380945 15380965 15379709 15380105 15379331 15380055 15380013 15381039 15381005 15381109 15379705 15380131 15379703 15379699 15379293 15379291 15380807 15380011 15379269 15381027 15384827 15383389 15380757 15379335 15380899 15379421 15379503 15379501 15379367 15379687 15379721 15379719 15379711 15379749 15379755 15379763 15381017 15380769 15380719 15381097 15379353 15380135 15380137 15380805 15382897 15380777 15379505 15379261 15381041 15380785 15379899 15379873 15381061 15381107 15380837 15379147 15379211 15379207 15383391 15381933 15381797 15381743 15381053 15380139 15379725 15379111 15381769 15381789 15381831 15381847 15381887 15382823 15381471 15381033 15379771 15379775 15380987 15381701 15381301 15379801 15381031 15379333 15379819 15379789 15380143 15379791 15380861 15379515 15381095 15381119 15379753 15379731 15379121 15380969 15379483 15380207 15380085 15380053 15380067 15381063 15379715 15379739 15379779 15382113 15382095 15382085 15380743 15381157 15380775 15380783 15381073 15380873 15380979 15382139 15381969 15381269 15383397 15383399 15381235 15381179 15381139 15381203 15380795 15380041 15380985 15379119 15379129 15379131 15381917 15382025 15381951 15380165 15379995 15379991 15380983 15381025 15382003 15381867 15382063 15381251 15381213 15379965 15379913 15379245 15380917 15384461 15384485 15384811 15379787 15379949 15379153 15380871 15379717 15381075 15379941 15379919 15384421 15384403 15382227 15382413 15381577 15383411 15381395 15381295 15382179 15381721 15382067 15381815 15381673 15381155 15381219 15383143 15381611 15381909 15382105 15382325 15382841 15381619 15383413 15382811 15381231 15381257 15382069 15383417 15381569 15383409 15381585 15381525 15382793 15381133 15381935 15382267 15381895 15381893 15382787 15382393 15381461 15381463 15383405 15381857 15381717 15381713 15383335 15382361 15382839 15380991 15380973 15380981 15381425 15381643 15382093 15383419 15381405 15382203 15381805 15380939 15380933 15381995 15381287 15383003 15383455 15381363 15381959 15381825 15381745 15381343 15383415 15381633 15381467 15381707 15383235 15381865 15381557 15381923 15381975 15381725 15381703 15380867 15383489 15381827 15381661 15381747 15381283 15383431 15382807 15381929 15381415 15380811 15381785 15381321 15382837 15380835 15383387 15380891 15382319 15383395 15382185 15382797 15381475 15381533 15383393 15381507 15381565 15380943 15380905 15381875 15381871 15381181 15382813 15382845 15382023 15381853 15381505 15382049 15381943 15381965 15382137 15382033 15382011 15382057 15381439 15381315 15381229 15381473 15381581 15381445 15381429 15381361 15381377 15382087 15381233 15381193 15381145 15381339 15381641 15382853 15382483 15381683 15381397 15371422 15381317 15381601 15381355 15383421 15382083 15379273 15379513 15381647 15381491 15381855 15381615 15383049 15381387 15379327 15379349 15380951 15380927 15380923 15380907 15382767 15379213 15381519 15382461 15381541 15379181 15379175 15379173 15385079 15379833 15382411 15379215 15382221 15382241 15382149 15382151 15385081 15385437 15382331 15379099 15383403 15382133 15382597 15382377 15382089 15382831 15382463 15382389 15382367 15382299 15379339 15382455 15382595 15382191 15382357 15373798 15382405 15382501 15382453 15382381 15385125 15385177 15382397 15383429 15382435 15382861 15382579 15382317 15382315 15371298 15385443 15385201 15382553 15382275 15382189 15382343 15382157 15382127 15382039 15382163 15385147 15379295 15381271 15379499 15382515 15382161 15381957 15371500 15371760 15372992 15384549 15382359 15373544 15372916 15382551 15371414 15371742 15382857 15371280 15371286 15371262 15382855 15379097 15371240 15371750 15370938 15370952 15382825 15382531 15381787 15381773 15381621 15381625 15381261 15385411 15381453 15382805 15381885 15381807 15381495 15370970 15371734 15371724 15371696 15372784 15371702 15371694 15371732 15373496 15372902 15371738 15371358 15371626 15373414 15371748 15371418 15373348 15373584 15371258 15371764 15370974 15373472 15371766 15371758 15371164 15373272 15370898 15371160 15373366 15372846 15372868 15372852 15373646 15373632 15371848 15371296 15371232 15371838 15372960 15372958 15373626 15372876 15372874 15373578 15371244 15371226 15371784 15372886 15372778 15372806 15373622 15373090 15373148 15371808 15371444 15371320 15371798 15371754 15372860 15373200 15373274 15373168 15371720 15371762 15371788 15371170 15371740 15371380 15371228 15371710 15371746 15371308 15371342 15373648 15373132 15373166 15373088 15371370 15373106 15379351 15381479 15371680 15371420 15371412 15371408 15373022 15373118 15373134 15371480 15371430 15371520 15371518 15371316 15373122 15373020 15373714 15373800 15373354 15373638 15373534 15371532 15373214 15373024 15373784 15371396 15373054 15371542 15371332 15371934 15373252 15371546 15372818 15373442 15373610 15373270 15371592 15372950 15371354 15371368 15372654 15372672 15373796 15373600 15373508 15373616 15373620 15372936 15372938 15372944 15373002 15373608 15372822 15373454 15372890 15372788 15373688 15373394 15373398 15372940 15373062 15373008 15373156 15373032 15373074 15372710 15371530 15372810 15372762 15373396 15373482 15372970 15373422 15373464 15373174 15373790 15373086 15372998 15373188 15372782 15373236 15371162 15371282 15373000 15372878 15372858 15373242 15372688 15373288 15372764 15373662 15372848 15371336 15373308 15373240 15373250 15373248 15372660 15371818 15371334 15373028 15373278 15373060 15373780 15372656 15372966 15372790 15372750 15372748 15371384 15373802 15373434 15373430 15373512 15373152 15372814 15373596 15371392 15373410 15373282 15373110 15373696 15373344 15373528 15373178 15371812 15371324 15371786 15371406 15373792 15373794 15373606 15373568 15371464 15371456 15372630 15371302 15371404 15373016 15373176 15373204 15373298 15373232 15373330 15371816 15373096 15372988 15373788 15373564 15372746 15373412 15371130 15371158 15371096 15372812 15371824 15373320 15371568 15362489 15373164 15373162 15373182 15371208 15372994 15373206 15371140 15373376 15372884 15372850 15371688 15371670 15371652 15370936 15370926 15373624 15371010 15371932 15373210 15373310 15373384 15373378 15373448 15371040 15370972 15373406 15373246 15372776 15372664 15371044 15371086 15371348 15373490 15373604 15371476 15371346 15371536 15373408 15373418 15373424 15373444 15372932 15372732 15371460 15373692 15373456 15373486 15371312 15371452 15371400 15372976 15373286 15373358 15373782 15373228 15371922 15371582 15371558 15371528 15373722 15371432 15371402 15372638 15371616 15373536 15373702 15373540 15373542 15373552 15373786 15373196 15373654 15371028 15373704 15373572 15371446 15371492 15371398 15371026 15371362 15371442 15371514 15371540 15373576 15373582 15373548 15373468 15371042 15371116 15371276 15373560 15373514 15373462 15371426 15371810 15373438 15373374 15371104 15372696 15371248 15371828 15371490 15371488 15372718 15373044 15372974 15372964 15372946 15372914 15371268 15371238 15371236 15371234 15372962 15373036 15372912 15372922 15372920 15371270 15371192 15371214 15373674 15362737 15371190 15371188 15371182 15371178 15371920 15371136 15371076 15371774 15371124 15370992 15373658 15373664 15371176 15371620 15373676 15373672 15373208 15373526 15372952 15372704 15371186 15373216 15371496 15373190 15373170 15371600 15371580 15371938 15371642 15371654 15371656 15371648 15371650 15371662 15370912 15370902 15370892 15363999 15371144 15373258 15370894 15371664 15371200 15371926 15373194 15373234 15371672 15371686 15371684 15371682 15371676 15370940 15370948 15370906 15371614 15371032 15370958 15370998 15371016 15370964 15370950 15371718 15371712 15371728 15371598 15363143 15371930 15362429 15371292 15371310 15371806 15363131 15371644 15364029 15362705 15362993 15371364 15371344 15363349 15365395 15370990 15363191 15371928 15363027 15363313 15371924 15362995 15362991 15362975 15362957 15371602 15371666 15371668 15362865 15362825 15362895 15371632 15371658 15370888 15371470 15371466 15371506 15371502 15371434 15371436 15371630 15372934 15372926 15372892 15363825 15362453 15362833 15362711 15363827 15363829 15365727 15365451 15362913 15365773 15362773 15363809 15363807 15363557 15363513 15363531 15362493 15363737 15365373 15365675 15364005 15362861 15363545 15362515 15365509 15363875 15363089 15363863 15363929 15364025 15365725 15365341 15363109 15362809 15364009 15363007 15365287 15362441 15363547 15363751 15365353 15362923 15365435 15365455 15362815 15362897 15362911 15362859 15363299 15363749 15363005 15362893 15362801 15363525 15363521 15362967 15362789 15362759 15362753 15362723 15362725 15362729 15362727 15363421 15365717 15363487 15363355 15363413 15363539 15362849 15363835 15362707 15362671 15363815 15363811 15363813 15362657 15363833 15362471 15363781 15363201 15362639 15362653 15362601 15363441 15363857 15363215 15362953 15362445 15362831 15363037 15362485 15362487 15362631 15362521 15363329 15363309 15363187 15363147 15362787 15362853 15363211 15362555 15362889 15362431 15362689 15365529 15365665 15362747 15362777 15362837 15364007 15362985 15363517 15362561 15363785 15362497 15364027 15363111 15363181 15363173 15363137 15363255 15363149 15362981 15362999 15363369 15363041 15362997 15363127 15363129 15362899 15362563 15362501 15362475 15363009 15363033 15363343 15363085 15363045 15363081 15362929 15363169 15363279 15363319 15363511 15362607 15362539 15362541 15362455 15362443 15362451 15362459 15363161 15363217 15362925 15363277 15363295 15362927 15364015 15364017 15363341 15363061 15363065 15362549 15362481 15362457 15363263 15363847 15364011 15362979 15363845 15362843 15362881 15362467 15363497 15362681 15363407 15363285 15363287 15363305 15363315 15363331 15362551 15363183 15362509 15363801 15362941 15362933 15362931 15362921 15362869 15362845 15363841 15362785 15363283 15363787 15363185 15362503 15362505 15362857 15362577 15363803 15365309 15365655 15365627 15363213 15362871 15362629 15362587 15363079 15362533 15365637 15365647 15365653 15365459 15364003 15362597 15363113 15362527 15365429 15365263 15365699 15365747 15365691 15362649 15364001 15363243 15362621 15363819 15362641 15365693 15365701 15365689 15365495 15365267 15363697 15363615 15364019 15362919 15362847 15362873 15362547 15363289 15362647 15363603 15363917 15365697 15363953 15363505 15362465 15365299 15363253 15362797 15363229 15362625 15362783 15362851 15364013 15363855 15363821 15363899 15363869 15365349 15365365 15365415 15365375 15363907 15363667 15363675 15363677 15363595 15363919 15363551 15363619 15363199 15363239 15363725 15365259 15365643 15365327 15365433 15365301 15365541 15363709 15364023 15363651 15365731 15365409 15365303 15363623 15365393 15365275 15365323 15363367 15363901 15363379 15365419 15365681 15365677 15365531 15363909 15363365 15364021 15363485 15363605 15363765 15363763 15363541 15363747 15364033 15365361 15365447 15365345 15365343 15365347 15365687 15363683 15363659 15363561 15363599 15365507 15365283 15363735 15365519 15365397 15365405 15363445 15363633 15363693 15365649 15365639 15365715 15363723 15365521 15363933 15363927 15363701 15363609 15363679 15363665 15363297 15365331 15365335 15365821 15365547 15365441 15365319 15365819 15363637 15363607 15363357 15363387 15363643 15365497 15363761 15363897 15363533 15363581 15363645 15365463 15365411 15365427 15363437 15363455 15363759 15363915 15363569 15363903 15363905 15363895 15363865 15363699 15363179 15363481 15363713 15363689 15363767 15363731 15365279 15363733 15363707 15365671 15362733 15362905 15363921 15365437 15363625 15362751 15362491 15363797 15363799 15363465 15363391 15365817 15365809 15365673 15363459 15363227 15363859 15363259 15365533 15365511 15365475 15365601 with 1 link
1 most connected region:
167484516 with 5 links
