Neighbour list object:
Number of regions: 20585 
Number of nonzero links: 41346 
Percentage nonzero weights: 0.009757347 
Average number of links: 2.00855 
50 regions with no links:
18509308 18509294 18508550 18508566 18508876 18505950 18509048 18500070 18502923 20100246 20100366 18487500 18489934 18489874 18490024 18489932 18487910 18489794 20097469 10209101 10205577 10205575 10208947 10209291 10209201 10204925 10205921 10206225 10080640 10082226 10080526 10286780 10337494 10338282 10338214 10337728 10340150 10340156 10436774 10436830 10436846 10424230 10425024 18475381 18459770 18459778 18455715 18455851 18455727 18445524
Link number distribution:

   0    1    2    3    4    5 
  50 7584 5347 7350  252    2 
7584 least connected regions:
18509684 18507606 18507416 18508594 18507798 18507438 18507836 18508846 18508862 18508294 18509910 18508518 18507392 18507382 18509130 18508310 18508278 18508458 18507458 18507390 18507450 18507486 18509336 18507792 18509300 18509314 18508694 18509046 18508892 18508890 18508866 18509044 18508852 18509426 18509040 18507612 18507700 18507484 18507482 18507436 18509916 18508288 18509260 18509316 18509306 18508850 18507730 18508582 18508436 18508860 18508880 18509132 18508666 18507452 18507538 18507526 18509392 18507424 18507418 18509042 18508856 18508884 18508888 18507886 18507766 18507802 18507440 18507522 18508438 18508668 18508670 18509436 18508446 18508584 18508902 18507872 18508886 18508542 18508548 18508406 18508574 18509642 18508442 18507638 18509760 18507622 18507610 18507626 18507472 18509346 18508674 18509014 18509820 18509812 18509800 18509780 18508386 18507586 18509774 18509748 18509826 18508580 18507658 18507588 18507598 18508364 18508334 18507682 18507690 18507704 18507720 18509574 18508968 18509784 18509768 18507580 18507868 18509810 18509808 18509796 18508408 18507518 18507400 18509570 18509558 18509542 18509464 18509480 18509422 18507750 18509338 18509356 18509518 18509536 18509650 18509368 18509278 18509332 18509476 18509488 18508528 18508352 18509446 18509566 18509656 18508384 18509378 18509568 18509798 18509776 18509586 18509590 18509766 18509778 18508672 18509604 18509624 18508664 18508398 18509722 18509388 18509914 18508290 18508534 18508558 18509772 18508520 18508524 18508526 18508332 18508588 18508536 18509254 18509352 18508390 18508944 18509448 18509496 18507616 18508416 18508658 18509264 18509494 18509856 18509500 18507618 18507624 18508376 18509490 18509504 18509524 18509462 18509782 18509400 18509818 18509444 18509434 18509442 15673671 15673665 18505898 18505798 18506164 18508940 18506198 18506358 15673657 18509472 18509240 18507830 18509454 18506352 18506354 18506310 18509440 18506160 18507582 15673673 18509786 18508980 18509406 18507584 18509234 18506214 18509236 18509460 18507888 18507770 18507808 18507762 18505902 18505882 18505756 18505754 18505900 18505804 18507662 18507764 18509268 18507786 15673649 15673627 18506304 18507760 18507712 18506212 18505904 18505896 18505892 15673629 18506126 18508854 18507508 18506152 18509732 18508982 18507368 18509366 18509864 18509456 18506356 18506250 18509230 18507884 18507378 18507506 15673713 18508998 18509544 18509244 18507370 18509438 18507794 18509362 18509450 18509764 18508984 18509266 18509758 18507376 18508936 18508962 18506166 18507736 18507408 18507456 18507446 18507532 18506200 18506252 18507746 18506326 18506360 15673633 18508562 18509232 18509408 18509248 18507530 18507514 15673677 18506110 15673669 18509418 18509424 18507406 18507512 18509816 18506084 15673573 15673571 15673667 18509736 18509740 18508572 18508432 18508466 18509374 18509144 18506206 18509806 18509228 18509428 18507380 18507654 18508990 18503489 18506056 18506196 18502907 18503895 18509062 18509060 18503561 18503369 18503397 18503347 18506054 18508958 18506130 18503481 18503463 18503457 18503333 18506300 18509058 18506014 18502895 18503933 18503929 18503979 18502941 18503993 18502889 18503335 18503331 18503445 18508992 18503425 18503339 18505778 18503903 18503967 18503955 18506190 18509008 18503003 18503329 18503407 18503841 18503969 18508952 18503547 18508912 18508904 18508468 18508470 18503383 18503345 18506350 18503965 18503061 18505806 18503839 18503319 18503365 18503363 18503373 18503323 18503359 18506294 18503539 18503349 18508462 18503573 18509552 18509582 18509606 18509598 18503341 18503447 18509724 18509744 18509746 18509698 18509708 18503343 18508428 18508570 18508966 18509564 18509470 18509466 18509556 18506202 18506208 18505894 18505784 18503963 18509648 18509694 18509700 18509612 18508946 18503379 18503367 18503959 18502917 18503549 18508564 18509414 18509452 18509410 18505888 18503901 18503975 18503565 18502897 18503361 18506116 18509610 18509632 18509616 18509630 18509688 18509866 18508540 18503971 18503973 18502909 18503385 18505822 18509016 18509560 18507774 18507782 18508988 18509730 18503873 18503317 18509718 18509596 18509614 18509608 18509720 18506074 18509022 18509742 18509224 18507768 18509272 18503069 18503885 18503027 18499590 18499912 18498710 18498716 18499486 18503067 18498676 18498584 18503861 18498748 18499600 18505776 18498590 18498576 18499532 18499538 18499780 18499928 18499924 18499908 18499904 18499956 18498822 18498704 18498482 18499488 18498736 18506040 18499984 18506060 18499592 18503891 18503835 18503879 18499958 18500020 18500016 18500018 18500114 18506104 18498740 18500112 18506122 18505808 18498624 18498622 18499974 18498560 18498640 18503931 18508914 18506120 18506134 18505810 18502995 18503227 18500068 18498718 18506154 18509752 18503375 18503393 18503377 18498618 18506010 18498702 18506124 18503413 18503607 18506088 18498690 18506046 18506118 18505886 18500116 18507648 18507646 18508964 18508972 18508956 18498848 18503985 18505936 18506078 18506194 18506188 18508970 18508974 18508960 18508976 18498432 18498420 18498844 18499826 18498842 18498712 18498672 18498834 18498828 18498478 18498562 18498938 18498552 18498324 18498348 18498772 18498644 18500092 18499820 18498540 18498826 18500058 18498444 18498280 18498594 18498468 18499882 18500038 18500034 18500036 18499818 18498392 18498472 18498474 18498508 18498522 18499836 18499884 18498630 18500108 18506022 18498840 18499834 18503575 18503047 18498334 18498656 18503827 18503609 18503613 18503563 18503523 18503519 18506018 18498500 18499602 18505948 18503557 18498466 18498892 18498442 18503989 18503517 18503527 18498484 18498894 18498414 18499798 18498306 18498670 18503525 18503521 18503531 18498346 18506020 18503567 18498660 18502931 18503619 18503537 18503569 18498360 18498768 18503571 18503555 18503881 18503991 18506034 18498410 20100360 18498330 18498278 20100214 20100204 20100770 20100566 18498454 20100872 20100476 18499838 18499936 18499790 18499902 20100154 18498610 20100548 18500130 20100368 20100732 20100192 18499938 18499808 18499802 20100714 20100176 20100970 20100182 18500120 18499792 20100498 20100538 20100546 20101086 20100640 18498604 18498570 18500132 18499810 20100598 20100238 20100828 20100654 20100728 20100218 20100256 18499484 18498896 18498370 18498368 20100162 20100190 20100184 20100778 20100334 18498646 18498746 20100276 18498362 18499788 18498830 20100866 20100370 18498268 18499812 18498820 20100454 20100148 20100242 18498430 20100236 18499916 18498254 18498680 18503071 20100486 20100710 20100734 20100302 20100328 18498412 18498316 18498302 18498460 18498504 20100740 20100738 20100260 20100134 18498458 18498846 18498684 20100306 20100742 20100364 20100730 20100720 20100124 18499952 18499868 20100270 20100772 20100552 20100126 20100722 20100300 20100076 18498232 18498708 18498598 20100726 18498404 25164090 18498270 18498568 20100716 20100312 20100330 20100108 18489982 20100930 20100792 20100724 20100304 20100612 18490596 20100212 20100216 20100208 20100202 20100200 20100220 20100646 18486598 20100248 20100578 20101076 20101092 20101072 20101090 20100222 20100268 18498556 18498546 18498528 18498818 20100882 18498816 18498332 18498376 18498526 18498804 18498308 20100658 18498300 18498890 18498286 18498264 18498800 20100178 18500046 18500050 18500028 18499816 18498352 20100226 20100078 18498298 18498888 18498886 18490942 20100912 20100650 20100296 18500104 18499922 18487030 20100152 20100188 18498852 18498240 18498236 18499992 18500090 18499830 20100100 18498230 18498250 18498802 18498276 20100762 20100186 18499870 18500098 18499804 20100608 18487348 20100784 18487998 18487932 20100542 20100504 20100404 18487762 18487938 18487958 20100606 18487936 18487918 20100472 18487974 18487898 18487804 20100534 20100522 18489100 18487868 18487756 18487738 18487902 18487904 20100758 20100384 18487782 18487562 18487548 20100468 18489090 18487716 18487702 18487668 18487558 18487544 18487494 18487482 20100502 18487742 18487730 18487540 18489068 20100766 18489104 18487656 18489092 20100968 20100128 20100760 18487652 18487646 18487970 20100138 20100118 20100116 20100550 18487640 20100780 18487604 20100398 20100746 20100166 20100706 20100484 20100518 18489106 18487634 18489070 18489802 18487572 18488138 20100576 20100262 20100702 18487600 18487594 18487568 18489042 20100748 20100112 20100094 20100082 20100372 20099916 18489016 20100266 20100620 18487580 18488018 18487484 18487464 20100254 20100110 20100092 20100088 20100690 20100074 20100634 18487442 20100408 20100688 20100618 20100764 20100652 18487390 18488720 18489072 18488954 18488944 18488830 18488810 18488088 18488070 18488060 18487748 18487674 18488358 18488352 18488376 18488660 18489206 18487814 18488032 18488758 18488734 18488708 18487626 18489146 18488658 18488700 18488686 18488898 18488892 18488620 18488566 18488740 18488618 18488536 18488522 18488468 18488402 18489140 18489750 18488398 18488378 18488284 18488730 18487532 18487584 18488874 18488860 18488844 18488518 18488278 18489044 18488864 18488512 20100662 20101074 20100642 20100638 18488248 18489160 18488484 20100636 18487508 18488432 18488430 18488072 18489322 18487510 18489046 18488084 18489116 20100590 20100600 20100616 18489012 18489020 18489010 18489022 20100588 20100540 18489008 18489038 20100432 20100390 18488010 18488136 18489228 18487980 18488798 18488788 18489086 20100386 20100378 20100418 18488770 18488762 18488746 18488412 18488406 18488324 18489112 18487928 18490414 18489156 18490392 18489704 18490966 18488524 18489180 18490284 18490270 18489108 18489672 18489666 18489998 18490312 18490316 18490308 18490436 18489148 18488832 18488904 18489214 18487350 18489618 18488198 18488104 18488370 18488368 18488494 18490748 18490324 18489114 18487530 18489034 18489610 18490336 18488924 18488926 18488920 18488880 18489712 18488818 18490338 18490334 18489858 18489166 18489154 18489076 18488736 18488732 18488682 18488678 18489674 18490426 18489846 18489830 18490244 18489192 18490954 18490328 18490482 18490476 18490474 18490292 18489762 18489126 18488666 18488578 18488560 18488550 18488514 18488188 18488036 18489238 18489224 18490248 18490276 18487688 18487284 18489756 18490216 18490258 18487450 18489024 18487408 18489052 18489036 18488990 18487260 18489742 18488970 18489936 18488992 18487282 18488014 18489082 18487810 18487280 18487304 18486688 18489094 18486790 18486622 18486780 18486788 18488068 18488458 18487388 18486564 18489142 18489716 18490970 18490396 18489922 18486572 18486764 18490304 18487410 18490210 18490932 18489698 18489080 18490162 18489778 18489124 18487028 18488792 18490442 18490384 18487324 18486382 18487020 18489624 18486592 18486412 18486446 18486736 18489664 18486698 18486410 18486678 18486550 18486576 18488800 18488636 18488490 18486552 18489350 18488446 18487010 18489854 18489348 18490460 18487012 18486762 18488258 18490242 18490468 18489232 18486334 18489344 18488268 18489656 18489654 18490372 18487018 18490390 18490382 18489614 18488820 18487672 18487776 18487926 18486332 18488232 18486480 18486484 18486566 18489708 18489832 18490008 18486666 18490386 18490394 18487308 18486336 18487002 18488234 18486388 18489986 18489242 18488202 18488150 18488148 18488134 18488100 18489164 18489948 18488882 18489820 18489676 18488356 18488768 18489190 18489196 18488694 18488640 18488644 18488394 18489144 18488604 18488520 18489182 18486582 18489208 18488350 18489170 18488438 18488738 18487964 18486744 18489130 18489220 18488326 18488328 18488250 18488216 18488210 18488176 18489120 18488414 18488396 18487946 18488046 18488206 18488304 18488062 18489198 18489244 18489218 18489212 18489200 18488622 18486704 18487034 18488344 18488822 18489202 18489172 18488654 18488886 18488938 18489184 18489336 18490150 18490912 18490126 18490036 18487262 18489848 18489806 18486674 18490178 18490170 18489978 18489892 18488020 18487004 18486456 18490018 18489898 18489290 18490952 18490908 18487006 18490080 18489904 18489912 18489906 18489952 18489960 18487838 18489122 18490110 18490134 18489910 18490122 18486558 18489864 18489800 18490900 18490042 18490438 18486646 18490130 18490140 18489878 18490388 18490772 18486616 18490136 18490016 18488024 18489736 18490256 18490480 18490298 18490034 18490082 18490048 18490326 18490144 18490732 18490074 18489216 18487478 18487032 18490030 18490962 18489974 18490128 18490446 18490124 18490120 18490092 18490466 18490236 18490196 18490186 18490176 18490102 18490462 18490046 18490056 18490088 18486518 18490440 18490184 18490182 18490444 18487800 18490300 18490246 18489162 18488930 18488932 18488928 18488838 18488776 18488704 18488696 18488692 18490098 18486656 18490200 18486710 18490380 18490478 18487014 18490916 18487480 18487278 18488516 18489178 18488408 18488404 18488388 18488382 18490026 18487026 18488312 18490448 18490226 18490166 18490964 18490262 18486426 18490240 18490264 18490488 18490808 18489338 18490920 18490922 18489682 18490968 18490190 18489680 18488174 18489768 18487360 18489842 18488186 18489658 18489684 18488208 18487790 18489852 18490398 18489828 18490948 18488888 18486826 18490350 18488596 18489970 18490340 18489064 18488058 18489342 18489334 18488008 18487988 18489706 18486338 18489084 18488474 18487386 18486460 18486530 18489726 18488988 18486946 18489816 18486414 18486386 18486522 18486350 18486450 18487574 18487476 18490032 18486654 18490946 18486568 18489956 18489976 18486766 18489886 18489884 18486626 18486560 18487024 18490000 18488638 18489240 18487528 18487588 18489266 18489980 18490096 18487526 18487384 18487940 18488124 18490944 18486574 18486652 18487320 18486470 18490940 18486554 18490054 18489870 18490404 18489772 18489860 18486676 18486978 18486670 18486662 18487016 18489916 20097781 20097851 20098013 20097865 20098009 20098023 20098015 20097887 20097681 25164629 20097901 20097905 20097883 20097757 18488962 18489138 20097855 18490788 18489006 18489018 20097983 18489782 18489752 18489826 18487312 20097985 18487870 18487866 18490090 20097877 20097853 18487258 18489690 18489660 18489692 18489738 18490400 20097787 20097785 20097903 20098007 18489118 18488042 18487554 18487402 18489026 18488066 18489340 20097889 20097719 20097913 18488940 18488742 18489096 20097733 18487590 18489048 18489040 18488038 18487514 18487496 18487888 20097837 20097751 18487504 18487290 18490378 18489728 18489744 20097863 18490402 18489834 18489872 18489792 18489056 18487602 20097731 18486394 20097979 20097429 20097687 20097689 20098035 20097777 20097763 20097597 10205041 10210077 20097961 20097955 20097847 20097629 20097559 20097667 20097673 20097615 20097793 20097977 20097299 20097323 20097477 18489098 20097291 20097133 20097635 20097153 20097081 20097415 18489714 10207737 20097967 20097567 18490706 20097149 20097531 20097545 20097723 18488322 18488294 20097181 20097841 20097699 20097771 20097313 18490180 20097179 20098033 20097311 20097761 20097141 20097765 20097759 20097789 20097783 20097797 20097301 20097647 20097717 20097747 20097691 10205139 20097083 20097593 10206385 10208827 10204441 10207731 20097683 20097767 10205419 20097309 20097577 10205745 20097285 20097591 10206475 10208701 20097295 20097969 20097693 20097709 20097399 20097857 20097899 20097265 20097921 20097919 20097795 20097779 20097633 20097613 20097537 25164657 20097649 20097087 20097653 20097645 20097387 18488984 20097445 20097353 10204617 25164633 25164530 18487022 10204999 20097159 20097705 20097573 20097085 20097643 20097923 20097721 18490794 20097715 10205881 20097911 20097745 10205011 10206315 10209881 10205697 10210709 10208627 10204875 10209879 10209555 10210141 10208665 10208695 10209441 10208925 10205911 10209107 10209851 10209335 10209485 10210131 10205813 10209387 10209389 10209271 10209871 10208921 10208935 10209257 10209241 10204455 10209131 10208713 10208753 10208681 10206333 10209173 10209873 10209877 10209471 10209691 10204917 10209849 10209175 20097503 20097457 20097459 935120067 10208973 20097475 20097395 20097305 20097345 10208615 10208931 20097319 10206273 20097397 20097419 20097447 20097435 20097461 10208849 20097471 20097563 20097845 10209029 10209353 20097875 20097501 20097493 20097453 20097519 20097549 10206375 10206421 10205727 10209867 20097953 20097579 20097587 20097079 10208703 10206321 20097483 20097569 10208677 20097547 20097449 20097485 20097661 20097945 20097479 10209209 10205731 10206721 10208673 10206215 10206291 10204523 10204649 10204571 10204565 10206087 10209567 10208877 10206287 10206451 10206243 10206249 10205723 10208853 10204451 10204443 10206081 10208811 10204579 10204521 10204481 10204581 10204595 10205387 10205389 10207745 10205659 10205673 10209845 10209053 10209057 10204493 10205397 10204647 10210019 10209995 10204561 10204465 10204445 10204447 10204507 10205567 10206387 10205619 10205937 10205371 10206359 10205667 10205711 10210001 10209083 10205759 10205725 10205945 10205963 10205325 10205599 10205319 10208771 10204467 10205965 10205601 10206427 10205989 10208775 10204421 10205733 10205931 10205987 10206033 10205769 10206007 10205975 10204933 10209161 10206323 10204491 10204475 10204473 10205791 10205035 10204461 10204459 10205867 10205805 10204539 10205977 10205615 10205917 10205895 10204519 10205315 10205329 10205355 10205391 10204603 10208613 10205893 10205699 10205421 10206415 10206493 10204499 10205821 10205865 10205897 10204645 10209005 10205559 10204535 10204119 10204181 10205819 10205535 10208961 10208887 10208593 10208595 10206283 10206095 10206675 10208663 10204929 10206227 10208691 10204553 10205367 10206263 10208625 10208977 10209003 10205465 10205463 10205417 10205349 10205409 10205721 10208685 10205359 10208637 10205677 10205719 10205651 10205645 10204939 10208611 10205757 10206289 10206211 10208965 10204495 10208937 10205683 10205675 10206183 10206231 10206269 10205363 10206457 10206111 10206363 10208955 10204123 10204811 10204593 10206069 10206035 10205381 10204585 10206401 10205851 10205861 10205317 10204813 10204613 10205357 10205845 10208725 10204833 10204821 10205451 10208933 10208913 10208923 10205875 10204533 10204137 10204819 10204161 10204149 10205427 10205749 10205803 10204827 10205479 10206605 10205713 10206507 10204837 10205337 10204799 10204893 10204975 10209289 10204843 10204873 10205801 10204167 10208831 10208735 10205433 10205119 10205503 10204877 10206241 10208907 10209477 10206113 10205807 10206487 10205507 10204541 10209011 10209843 10205161 10204141 10204143 10204151 10204505 10205879 10205919 10205869 10205825 10205533 10205331 10206201 10204955 10206407 10205883 10205823 10205439 10205157 10205523 10209009 10205809 10209359 10209415 10208717 10210715 10205891 10206403 10206397 10205735 10205511 10205501 10209027 10208967 10209097 10204147 10206319 10205747 10205477 10205429 10209513 10206255 10205817 10205527 10205715 10205467 10204985 10204941 10208979 10209023 10205597 10208795 10210127 10209839 10209837 10209169 10209217 10209263 10209897 10204921 10204891 10209455 10209809 10209811 10209817 10209891 10205569 10205553 10209243 10209249 10209237 10209179 10209735 10209663 10209519 10209397 10204895 10209929 10205537 10206461 10208679 10208633 10208641 10208705 10209815 10209595 10205691 10205695 10205497 10209239 10209215 10209507 10210143 10208747 10208773 10209275 10209517 10209449 10205469 10205455 10205017 10208817 10208841 10208865 10208719 10206327 10206313 10207859 10209749 10209001 10209883 10210023 10209283 10209333 10209903 10209733 10209751 10208619 10209967 10205703 10205657 10205681 10205687 10205089 10206265 10209345 10206295 10206267 10206237 10206205 10206437 10206077 10206091 10209759 10206317 10208941 10208843 10210013 10206137 10209355 10204503 10209483 10209055 10206197 10204437 10204423 10205755 10205753 10209031 10209795 10209757 10209065 10209129 10209089 10204431 10204415 10204399 10204389 10209261 10209183 10209651 10209185 10209205 10205685 10204849 10205009 10206453 10204639 10209039 10209061 10209045 10210129 10209701 10209181 10209165 10206147 10209091 10208927 10208929 10209753 10209771 10209789 10209127 10209087 10209063 10206181 10209103 10204373 10204377 10204375 10204379 10205767 10206719 10209731 10206165 10209631 10209597 10209615 10209137 10205015 10208823 10208867 10208869 10208909 10208871 10208873 10208737 10209299 10209579 10209913 10208845 10209865 10209443 10205913 10205413 10205373 10204635 10204637 10204409 10204439 10205949 10208829 10209311 10204433 10205779 10208911 10205449 10209041 10205621 10208689 10208851 10208803 10204397 10204419 10204457 10209035 10209905 10206155 10209969 10206115 10206123 10209177 10209199 10209609 10207779 10209265 10209287 10206131 10209679 10210139 10209301 10209367 10209081 10209907 10209405 10207739 10204643 10207733 10206117 10206127 10206099 10204935 10207757 10209267 10209149 10209255 10206075 10205737 10205761 10206031 10205295 10204795 10209683 10204619 10205663 10205669 10205729 10206253 10206723 10209859 10209861 10205549 10205573 10205571 10205633 10209159 10204515 10209139 10209515 10205539 10204853 10204855 10204857 10204907 10204963 10206309 10204945 10206107 10206213 10205997 10206623 10205591 10205589 10080020 10206105 10206371 10206373 10206369 10205499 10209365 10209119 10209115 10209535 10209863 10204979 10205073 10205075 10204965 10205001 10206191 10205939 10205555 10206365 10205487 10207741 10205435 10205081 10205087 10204995 10206251 10205047 10206445 10206207 10206701 10205903 10205901 10205483 10205547 10080772 10080624 10081002 10209561 10079802 10080906 10209079 10080422 10205505 10080656 10080700 10080706 10080250 10080426 10080478 10080560 10080760 10080826 10080784 10080758 10078784 10080716 10080714 10080492 10080500 10209411 10079670 10080534 10205853 10080188 10080542 10209123 10210133 10209431 10209557 10206235 10206193 10206175 10206159 10206055 10206053 10209901 10210135 10209109 10210137 10209613 10205943 10205947 10205955 10205925 10205037 10205033 10209451 10209475 10209607 10209529 10207767 10207763 10206013 10205999 10209319 10080934 10206331 10080190 10205967 10205953 10205991 10206047 10206037 10206051 10209533 10209391 10080224 10080288 10080320 10080966 10205039 10209639 10209511 10080330 10080354 10080838 10209603 10209357 10206429 10205981 10080590 10080462 10081878 10209685 10209925 10209783 10209777 10209719 10209729 10206381 10080562 10080556 10209459 10209653 10209453 10206023 10206041 10206085 10206079 10206067 10206093 10209647 10209605 10209541 10081748 10079636 10080878 10081550 10079742 10081556 10080390 10079628 10078798 10078800 10080890 10081566 10079898 10081560 10080550 10079626 10081608 10078812 10080864 10079974 10081642 10080868 10079664 10079304 10079918 10080652 10079728 10079930 10079796 10079774 10080974 10080924 10079662 10081592 10079934 10079758 10079826 10080430 10079644 10079634 10081668 10080260 10081646 10080292 10080030 10080060 10079704 10080876 10079880 10079824 10079250 10081654 10080072 10079288 10081834 10209381 10078814 10079706 10209767 10081600 10078806 10081580 10081626 10078796 10081562 10079284 10079264 10209273 10209693 10204951 10209277 10078804 10078802 10081620 10081624 10080142 10080074 10080130 10207765 10081606 10080070 10081614 10079986 10079988 10078786 10078788 10078782 10080098 10079246 10079330 10209153 10205995 10204913 10204825 10079642 10081616 10079834 10079842 10209363 10079656 10079762 10079760 10079832 10209887 10209151 10205309 10204987 10080874 10081502 10080316 10080514 10080052 10080166 10080208 10080258 10080410 10081762 10081820 10081936 10081928 10080448 10080388 10080546 10080498 10081856 10081846 10080318 10081836 10079864 10079856 10079766 10080386 10082116 10082096 10081786 10081772 10080216 10080484 10081828 10081696 10081704 10081694 10081780 10080366 10081812 10080068 10081930 10081808 10079848 10079794 10079800 10079862 10081742 10079836 10082072 10082058 10081794 10081866 10079900 10079924 10079814 10079750 10081766 10081760 10080912 10080160 10080272 10081852 10081934 10081884 10079852 10081724 10081746 10081720 10081754 10081994 10081838 10081844 10080274 10081802 10081860 10080234 10080114 10079808 10079738 10082012 10080394 10080286 10080698 10080674 10080650 10080602 10080506 10080466 10080946 10081756 10081862 10080284 10080402 10080254 10081752 10082230 10081722 10081732 10080138 10081864 10081920 10080108 10080022 10081842 10081918 10080470 10081776 10080810 10080568 10080094 10079366 10082204 10081904 10080910 10081848 10080392 10080264 10080904 10080350 10080352 10080938 10081014 10080414 10080356 10080936 10080450 10080902 10080304 10081850 10081648 10080900 10080896 10080486 10080950 10080460 10080382 10080926 10079368 10079356 10080328 10081782 10080898 10081532 10081540 10079936 10080322 10080312 10080038 10080294 10080132 10080416 10080930 10079932 10080888 10079860 10079838 10081528 10079312 10080446 10080442 10080770 10080708 10080670 10080776 10080680 10080418 10083012 10083000 10083006 10082984 10079328 10080814 10079322 10080682 10080804 10080792 10080808 10080730 10080788 10080806 10080794 10079310 10079314 18482436 10080802 10080820 10082986 10080786 10080816 10080444 10080968 10080834 10080378 10080368 10079296 10079308 10080496 10080360 10080412 10080400 10080396 10080456 10083602 10082146 10082154 10079276 10082980 10079810 10079714 10079730 10079786 10079910 10079950 10079992 10082996 10080006 10080008 10080326 10079668 10079684 10079666 10079260 10079272 10083002 10079734 10079672 10080058 10080056 10080136 10080134 10083028 10083024 10079278 10079290 10079294 10079266 10080780 10080214 10079692 10079756 10079858 10079942 10079876 10080880 10079334 10080800 10079654 10079712 10079708 10080176 10080080 10080078 10083016 10083022 10079256 10080144 10080102 10080150 10080872 10082130 18482738 10080694 10080646 10079776 10079690 10080034 10079976 10079252 10081910 10080658 10080666 10079954 10079884 10079922 10079806 10079854 10079904 10079972 10079956 10080010 10080012 10079768 18483284 18483302 10082194 18482272 18482154 18482190 18482610 18482608 18482612 18483216 18483322 18482710 18482372 10082010 18482732 10082210 18482614 18482624 18482808 18483062 18483326 18482310 10081958 18482518 18482734 18482054 18482096 18482394 10081956 18482090 18483328 18482986 18482224 18482514 18482554 18482410 18482008 18482478 18482740 18482586 18482606 18482576 18482308 18482322 18482352 18483336 18482400 18482430 18483206 18482548 18483232 18483268 18483480 18482530 18482440 10082198 10082030 10082026 10082016 18482026 18482132 10081686 10080536 10080512 10080522 10080524 18483402 18483366 10081788 10080248 10080342 10081730 10081660 10081672 10080518 10080488 10080626 10081796 10081644 10081588 18483424 18483432 18482370 10082014 10081598 10081612 10081554 10081972 10080636 18483380 18483348 18483428 18482164 18482484 10081938 10080960 10080600 10080566 10081826 10081792 18483396 18482086 18482258 18482218 18482736 10081652 10081574 18482114 18482512 18482378 18482382 18482742 18482402 18482128 10082212 10081522 10081880 10080564 10080586 10080592 10080956 10080954 18482316 18482326 18482694 18482452 18482708 10081810 10080300 10081514 10081552 18482330 18482814 18482724 10081498 10080508 10080948 10080480 18482420 10080908 10080268 10079340 10079346 18482852 18483192 18482596 18483338 18483310 18483266 18482424 18483194 18483318 18483108 18483246 18482426 18483182 18483474 18483382 18483280 18483404 18482414 10286358 18483274 18482418 18483196 18482356 18482386 18483166 18482844 18482834 18482842 18482810 18482656 18483406 18483332 18483476 18482812 18482678 18483212 18483158 18483146 18482422 10286388 18483220 10283120 10285886 10285880 10082156 18482832 18482636 10083606 10285872 18483254 18483286 18482002 10082124 10082152 10082066 18483184 10082064 10082102 18483156 18482604 10083604 18482818 10082056 18482828 18482816 18483118 18482820 18482522 10082046 10082044 18482860 18483138 18483160 18483296 10082042 10082040 10082220 18483292 18483294 18482854 18483360 18483456 10081974 10081990 10082004 10081978 18483298 18482978 18483422 10082218 10283290 18482078 18483388 18482664 10286420 10285838 18482040 10283594 10283164 10285926 10283608 10282882 10286088 18482672 10286426 10286176 10285900 10282516 10286776 10285818 10282676 10286182 10286172 10286792 18482168 18482304 18482712 18482568 18482626 10286826 18482094 18482628 18482630 18482634 18482632 18482064 18482662 18482186 10283102 18482998 18482376 18482544 18482996 18482056 18482080 18482088 18482582 18482456 10282910 10286004 10283730 10285884 18482188 18482178 10285978 10285808 10283208 18483282 18482016 10282960 10285714 10283796 10283494 18482666 18482700 18482014 18482140 18482692 18482698 18482384 18482550 18482602 18482658 18483478 10282852 10283424 18483272 18482070 18482668 18482336 18482524 18482542 18482564 10283340 10282936 10282566 10282584 10283528 10283470 10283956 10283388 10283378 10283380 10283328 10283324 10285722 10283570 10282562 10282540 10283618 10282598 10282582 10282580 10283512 10283416 10283814 10283294 10283564 10283432 10283532 10283360 10283262 10283198 10283440 10283270 10283272 10283242 10283732 10283244 10282628 10282602 10282590 10282588 10282654 10282672 10283552 10283180 10283540 10282622 10282644 10283256 10283258 10283428 10283484 10283560 10283612 10283480 10283280 10283574 10285724 10283214 10283186 10283152 10283196 10283112 10282520 10282976 10282930 10282946 10283018 10285760 10283756 10282716 10282724 10282524 10283154 10283150 10283168 10283148 10283020 10282740 10282734 10282544 18483168 18482244 18482354 10282682 10282522 10286060 18482292 18482280 18483394 18482206 18482680 18482684 10283052 10283204 10283558 10282596 10286152 18482146 18482344 18482380 10286074 10283596 10283338 10283234 10282550 10283306 18482408 18482490 18482396 10283408 10283310 10283748 10282548 10282556 18482364 18482320 18482074 18482012 10283742 10283634 10283556 10283476 10282634 10282670 10285786 10285832 18482018 18482034 18482148 18482210 18482252 10285728 10282650 10282626 10282618 10283620 10283642 10286752 18482072 18482172 18482098 18482144 10283736 10283224 10286808 10283924 10282554 10283058 10286786 10286828 10286398 10286842 10286414 10286160 10286300 10283922 10286034 10282922 10283928 10283918 10283012 10286774 10286784 10286902 10286416 10283712 10283710 10286964 10286016 10285814 10286402 10283522 10285984 10283714 10285812 10283030 10283252 10283166 10282974 10282962 10286406 10283216 10286714 10283274 10286422 10282902 10282894 10282874 10282856 10282864 10286886 10283936 10283588 10285850 10286190 10285938 10286430 10282840 10285940 10282950 10282942 10286148 10283946 10286790 10283896 10283680 10286768 10286750 10286002 10283144 10286408 10286008 10282916 10283698 10283586 10286000 10285952 10286754 10286376 10283948 10285730 10283538 10283954 10286058 10283930 10285816 10286740 10286778 10285744 10283952 10285904 10283126 10286126 10286210 10283780 10286812 10286404 10283454 10286838 10286054 10286202 10286156 10282846 10286178 10285942 10286418 10283944 10283530 10283526 10283940 10283934 10286390 10286852 10283790 10283068 10286396 10283932 935120049 10283436 10286756 10286392 10283082 10286200 10282552 10283592 10285914 10283036 10283092 10285830 10286174 10286746 10285882 10283938 10285740 10286394 10283334 10283308 10283016 10282752 10334718 10338880 10339474 10339484 10282720 10282832 10283758 10282658 10286820 10282858 10283034 10338292 10338924 10338898 10283138 10286734 10282706 10282702 10337804 10338038 10283096 10282994 10282876 10282822 10283764 10282632 10283746 10282684 10282662 10282700 10283260 10283218 10283448 10283444 10282664 10283768 10283770 10282712 10282730 10282778 10286942 10283950 10283350 10285892 10338952 10283806 10282816 10283080 10282782 10283774 10283912 10282828 10282808 10282890 10282648 10285840 10286412 10337402 10337404 10338902 10286146 10283632 10283628 10282978 10283008 10283014 10282952 935120021 10338894 10283210 10282990 10283926 10283122 10283192 10283920 10283738 10286400 10337482 10338030 10286128 10285810 10286184 10283376 10283266 10282530 10336312 10282968 10282532 10337324 10339270 10282850 10283442 10283606 10283822 10285742 10337458 10334242 10338842 10283418 10283892 10283046 10283184 10283798 10283314 10339406 10334634 10282886 10282848 10282830 10282860 10286764 10286070 10283300 10283296 10283254 10283794 10336304 10283942 10283322 10283250 10286428 10282812 10282790 10282818 10282792 10282826 10286966 10286954 10285910 10286968 10283132 10334496 10338778 10283916 10286064 10282820 10336516 10282836 10282806 10282804 10283114 10283072 10283064 10283010 10282744 10286880 10282814 10282824 10282784 10282842 10282800 10286758 10286410 10285902 10286424 10282986 10338476 10338590 10339212 10339514 10337428 10337480 10339250 10339254 10338424 10339352 10338742 10337512 10340006 10337366 10340118 10337310 10340222 10339224 10339276 10339228 10337498 10337500 10337454 10334640 10337502 10338688 10337450 10337508 10334656 10334652 10338502 10338270 10337436 10337322 10337976 10337506 10337416 10337772 10337492 10337364 10337318 10337300 10337972 10338754 10337490 10282870 10282904 10282512 10338354 10337314 10335560 10282896 10282912 10282514 10283914 10334362 10340024 10334664 10340220 10339422 10337980 10334666 10339326 10338824 10338480 10337370 10339958 10337510 10340074 10338784 10338864 10339186 10340078 10337496 10337292 10337294 10337336 10334364 10334568 10334528 10336232 10336234 10334388 10337400 10337750 10337756 10337734 10334426 10334600 10334624 10334442 10334396 10334394 10334704 10337738 10337724 10336402 10334416 10334432 10334630 10334644 10339304 10335652 10334456 10334434 10337878 10337916 10337914 10337926 10336128 10334662 10334720 10334390 10335562 10337940 10334714 10334482 10334584 10334618 10336202 10334700 10339388 10334484 10338016 10337992 10337982 10337966 10337968 10334574 10334570 10334608 10336182 10336216 10336208 10334386 10339382 10339384 10337984 10337882 10335784 10335786 10334596 10334406 10338064 10338686 10336224 10334424 10334420 10339234 10336248 10334632 10340180 10334628 10334668 10338220 10336136 10336146 10335578 10334622 10336138 10335576 10334616 10334620 10336150 10335704 10336442 10334560 10337726 10336168 10336200 10336486 10334398 10334400 10337996 10339330 10336188 10336130 10334366 10334368 10334670 10337358 10334502 10335680 10335646 10334380 10334606 10336038 10337740 10337828 10335422 10335588 10335296 10335930 10335896 10335294 10335288 10335278 10335282 10335876 10335880 10335904 10335900 10336044 10336028 10335990 10334512 10338242 10335916 10335914 10335908 10334206 10334200 10335384 10335634 10334506 10334192 10334188 10334184 10334244 10334246 10335932 10335946 10335364 10335360 10335358 10335548 10334562 10335960 10334166 10334196 10335290 10334194 10336088 10338596 10338228 10336444 10335854 10335970 10336002 10336010 10335508 10337742 10336080 10338454 10335976 10335310 10335308 10335306 10335336 10336448 10336074 10336176 10336212 10336078 10335898 10335888 10338680 10338682 10338500 10338504 10335348 10337446 10338412 10339522 10339208 10339196 10336206 10335992 10335996 10339460 10338720 10338792 10335522 10335476 10338610 10337476 10338598 10339216 10335444 10339464 10339466 10339458 10338670 10335554 10335986 10335428 10335300 10335594 10337306 10337394 10335750 10335770 10336190 10336156 10336436 10336186 10339472 10338734 10338732 10336118 10336148 10336194 10336468 10336126 10335582 10335402 10335550 10336500 10335460 10335940 10335942 10335350 10336048 10337516 10337398 10339346 10339324 10339336 10335590 10335592 10336100 10335314 10335312 10335378 10336064 10336030 10338668 10335366 10335332 10336052 10337504 10339292 10339262 10339258 10335450 10336050 10339260 10339316 10339334 10338790 10335814 10338320 10335564 10338130 10338722 10338678 10338690 10338276 10338198 10335828 10336308 10337958 10337960 10338796 10338280 10338092 10335632 10338132 10338104 10338076 10337954 10337944 10338780 10336460 10340018 10338090 10335678 10338782 10338866 10338650 10338638 10338600 10338634 10338640 10338646 10338456 10338026 10339954 10335570 10335580 10337886 10337860 10337858 10337846 10337832 10337848 10337974 10340076 10335968 10338612 10338594 10338578 10338856 10338548 10338850 10337856 10338060 10338058 10335746 10335738 10340082 10336478 10337870 10337862 10337854 10337868 10337820 10340010 10338140 10338174 10338798 10338334 10340040 10338702 10335842 10334480 10334492 10334486 10335774 10334638 10334592 10338350 10340000 10338716 10337908 10337950 10337936 10337922 10337898 10337894 10337884 10338816 10340002 10337934 10335702 10336466 10334494 10338080 10338358 10338032 10338046 10334548 10337970 10338018 10338040 10340032 10338184 10338260 10338248 10338124 10338158 10338210 10338264 10335628 10335630 10335798 10335792 10338148 10338082 10338028 10337906 10338522 10338516 10338492 10338302 10335800 10335822 10335818 10334524 10334532 10338290 10337904 10340046 10338624 10338496 10338618 10338620 10339970 10338832 10338342 10338428 10338444 10338370 10338330 10335622 10338582 10338458 10337952 10338390 10338448 10338540 10338564 10338838 10335616 10335858 10335920 10334530 10334544 10338294 10338002 10337978 10339992 10338154 10338416 10338386 10338094 10337342 10338044 10338078 10338102 10338114 10338164 10338858 10338556 10338252 10338820 10339996 10335574 10335572 10335978 10336006 10336070 10336094 10336104 10336120 10338178 10340034 10336108 10334554 10338936 10338206 10339428 10339496 10339494 10339492 10339426 10339404 10339288 10338628 10338656 10380041 10338256 10338216 10339400 10379973 10335664 10379965 10338944 10379987 10381651 10337818 10336256 10381561 10337830 10337834 10338288 10338626 10338422 10380051 10340194 10384401 10381647 10338300 10335948 10335998 10336024 10337836 10339320 10343420 10337748 10338806 10337778 10335388 10335374 10335396 10335410 10334372 10334412 10334392 10338530 10335466 10336036 10336004 10339980 10338310 10336040 10336014 10337840 10335464 10335482 10335498 10335496 10340192 10338744 10335488 10335490 10335484 10335668 10335666 10335982 10336032 10336022 10335868 10335500 10335516 10381395 10335526 10335486 10335524 10335540 10335872 10335844 10335790 10337764 10337752 10335506 10337852 10340182 10335536 10335518 10335520 10335534 10335662 10382915 10380059 10335618 10335754 10335778 10335756 10336472 10336290 10335546 10336502 10383031 10381419 10340038 10381607 10382981 10383135 10383013 10382963 10380601 10380599 10380605 10380025 10382911 10381453 10380047 10380061 10382831 10382827 10380623 10382829 10379971 10382925 10384257 10381461 10381539 10382015 10382005 10381985 10381509 10382873 10382871 10383129 10382985 10381991 10380625 10380659 10380613 10380629 10380635 10381565 10383125 10382959 10382153 10381979 10381983 10384233 10382893 10382895 10382951 10381529 10382859 10382855 10381975 10380129 10383381 10380125 10338512 10338846 10382881 10382887 10382879 10384331 10383123 10382845 10382921 10381541 10338536 10338478 10338172 10338072 10337838 10337762 10336372 10381477 10383027 10382961 10337766 10336368 10336366 10338524 10338552 10338534 10338528 10338488 10338466 10336364 10337722 10382969 10383009 10384253 10382907 10337736 10336264 10337754 10340062 10338576 10381507 10383137 10382843 10382919 10382909 10337714 10382937 10382923 10382159 10383079 10384283 10382913 10336498 10336504 10336226 10338474 10381495 10338462 10338396 10338404 10338414 10338332 10338314 10383047 10383045 10382841 10383121 10382833 10383007 10382997 10382903 10336286 10336268 10336262 10336210 10336214 10340054 10383071 10382835 10338802 10338266 10338362 10338420 10338394 10336482 10383041 10382155 10382851 10382861 10336228 10336178 10336330 10336352 10336390 10383033 10381455 10340132 10382993 10339982 10338338 10338324 10338360 10338322 10379951 10380065 10381497 10382935 10380609 10380003 10380585 10382163 10381605 10380581 10382161 10380027 10382987 10382973 10381973 10382023 10384285 10383391 10383393 10383057 10383175 10383063 10379963 10380095 10382965 10380591 10381467 10383383 10381755 10381547 10381463 10382941 10382885 10381473 10339398 10339486 10339354 10339376 10384333 10381735 10339312 10339298 10381773 10384239 10339322 10339348 10340144 10381921 10381485 10382027 10340146 10340162 10340154 10381777 10383021 10382179 10381621 10340130 10340124 10383003 10381603 10381835 10381849 10340104 10340090 10340088 10340094 10340092 10381531 10340084 10340134 10340114 10380099 10432126 10435200 10381759 10381803 10432082 10380611 10380597 935120057 10381585 10434352 10381753 10382165 10381861 10381797 10380593 10380661 10380589 10380001 10380583 10431674 10382173 10434056 10381513 10383377 10381817 10379961 10379953 10379957 10431926 10379983 10380019 10382953 10382157 10381741 10381809 10381589 10381673 10380053 10379989 10379959 10380011 10380043 10381411 10382917 10381665 10383429 10381757 10382035 10381383 10381413 10381431 10381387 10380093 10382975 10381557 10382167 10380617 10381369 10381389 10380091 10381563 10434996 10436966 10438048 10434108 10433260 10381873 10382177 10381699 10381671 10384273 10384261 10435162 10432032 10436642 10434670 10383173 10381717 10384245 10384249 10436916 10384237 10432372 10381871 10381837 10381883 10381877 10381893 10381901 10381863 10380603 24852192 10431830 10382175 10381653 10381845 10382171 10436954 10438154 10432620 10381763 10381781 24852190 10384235 10381919 10381995 10381811 10381795 10381731 10381751 10381739 10381677 10381705 10381711 10380607 10381669 10382169 10381615 10381727 10434526 10434736 10434732 10436598 10436610 10436604 10436618 10435140 10434550 10435128 10435132 10434318 10434434 10436506 10436676 10437090 10434628 10434796 10434918 10435464 10436498 10435004 10436762 10436740 10436726 10436706 935120061 10436386 10436440 10436412 10435130 10434750 10436424 10437038 10436274 10435076 10436372 10435468 10433296 10434552 10436486 10436514 10434904 10434832 10434418 10435080 10432320 10438066 10438106 10436502 10433484 10438108 10436586 10434960 10434984 10438102 10438104 10436962 10438094 10436576 10434958 10434940 10434268 10431966 10437248 10434730 10435444 10436574 10435070 10434360 10438088 10438116 10438200 10436322 10436368 10437236 10434756 10434676 10434714 10435114 10435074 10435030 10433394 10436416 10436476 10434770 10434328 10436338 10436490 10433434 10434612 10434604 10434650 10436332 10436580 10436636 10436500 10434680 10436608 10436592 10435448 10436536 10436426 10434600 10438096 10434632 10435348 10434660 10434626 10434688 10434912 10433926 10434142 10436952 10437118 10433416 10435026 10433790 10435332 10434814 10434716 10434642 10434654 10434586 10434520 10434500 10437126 10433804 10433928 10433502 10433436 10433276 10432286 10434400 10433344 10433448 10433712 10433826 10433874 10435388 10433882 10433696 10434184 10434380 10434460 10434278 10434280 10434634 10436140 10435466 10435006 10434172 10434110 10433704 10433642 10433594 10432418 10435392 10435480 10433898 10434966 10435320 10435374 10434340 10434224 10434164 10434036 10434106 10435368 10434840 10433908 10434034 10432334 10433104 10433472 10434202 10433658 10435424 10435370 10434772 10432324 10436924 10435476 10433540 10434058 10433812 10436376 10435432 10433142 10435010 10435012 10434514 10434488 10433126 10432220 10432224 10436940 10435402 10435398 10433976 10434564 10435542 10434076 10433264 10433522 10435404 10434148 10434140 10434022 10432142 10437106 10435406 10435412 10435418 10433940 10432128 10433222 10431764 10433194 10434482 10434024 10433992 10433964 10432072 10432150 10436934 10433758 10435366 10433740 10433582 10433542 10432074 10434084 10433144 10434156 10432328 10432382 10431786 10432058 10432084 10434134 10432160 10431742 10433620 10433850 10433894 10433680 10432106 10432104 10432998 10431654 10432120 10432214 10432202 10433460 10433590 10433536 10435300 10431794 10433372 10432144 10432188 10432118 10432064 10433336 10433480 10433624 10433622 10431804 10432384 10432386 10432136 10434154 10435394 10432146 10433766 10433846 10432038 10431912 10431922 10431948 10431738 10433152 10431646 10431668 10431712 10435316 10433668 10433868 10433666 10433072 10432176 10432190 10433132 10431754 10433454 10434334 10437086 10432306 10432308 10431798 10432070 10431728 10433156 10433438 10434300 10431780 10433598 10436744 10435158 10435230 10435228 10431808 10432280 10435206 10434270 10436750 10436738 10436736 10436822 10436818 10436046 10436024 10436068 10436088 10436078 10431822 10432316 10432206 10433074 10436262 10436200 10436820 10436826 10437174 10431826 10431884 10433024 10432248 10432294 10434050 10431648 10432296 10436836 10436118 10436122 10436086 10436120 10437026 10436154 10436082 10433174 10431852 10432362 10432310 10436848 10436870 10436866 10435270 10433238 10433216 10431672 10431688 10436212 10433136 10431876 10432318 10433026 10433102 10431732 10434264 10436832 10437242 10431896 10432398 10432312 10431670 10432354 10432388 10433308 10432222 10436876 10436238 10436246 10436356 10436340 10437230 10432364 10432290 10431816 10431836 10431844 10433368 10433520 10436886 10436874 10436862 10433288 10432102 10436288 10436352 10436324 10436346 10433206 10433138 10433822 10433772 10434114 10433844 10433890 10433816 10432240 10432194 10432410 10434208 10435386 10434158 10435362 10432148 10432408 10433316 10433840 10433272 10433292 10435350 10434210 10433764 10435258 10432230 10433006 10433286 10435534 10433182 10434276 10433122 10433444 10435318 10433638 10433632 10433608 10433596 10433530 10434060 10435344 10434248 10432276 10433256 10433110 10432170 10432450 10432026 10432062 10432134 10435346 10434212 10434250 10434324 10432288 10433980 10433796 10433810 10433078 10433088 10432100 10433268 10433538 10433208 10433244 10433228 10433996 10434454 10432992 10432252 10433788 10433818 10433636 10433662 10433574 10433562 10433932 10433896 10435536 10432330 10432332 10433258 10432264 10433864 10433938 10433808 10433486 10433470 10433398 10433376 10433358 10433320 10433294 10432250 10433420 10434718 10433300 10433130 10433544 10435284 10433706 10433754 10433162 10433352 10434458 10432270 10434138 10433262 10433290 10433714 10433626 10433744 10433800 10434410 10433116 10433204 10433064 10435340 10434014 10433970 10433054 10433998 10433872 10433722 10433978 10433948 10434204 10434006 10434004 10432268 10433956 10433602 10433186 10433252 10433994 10434344 10432256 10432274 10434144 10434128 10431638 10434028 10435334 10434000 10433954 10433736 10433618 10433432 10434480 10434378 10434950 10434956 10434860 10434948 10434982 10435462 10434896 10434856 10434826 10434800 10436222 10434426 10431656 10434546 10434502 10435092 10435022 10434852 10436336 10436306 10436308 10436172 10436136 10436112 10431680 10435060 10434942 10434946 10434922 10434968 10434850 10436094 10435024 10434972 10435106 10434808 10434706 10434622 10435438 10435988 10434864 10434876 10436042 10435142 10435146 10435176 10435470 10431952 10432392 10431890 10434806 10434824 10434884 10434638 10435000 10433364 10435290 10435160 10435478 10431888 10431858 10431862 10431634 10434886 10434656 10435086 10431860 10431854 10434606 10435084 10434930 10437010 10431936 10431628 10431630 10435354 10434928 10436020 10434216 10434120 10434122 10435518 10434196 10431918 10434778 10435118 10436134 10431906 10431908 10432400 10432404 10435358 10433988 10434554 10435184 10435134 10435104 10435192 10433974 10433936 10433836 10433762 10432402 10432004 10435546 10434376 10434442 10435144 10435098 10435008 10435194 10432046 10432000 10432016 10431626 10433412 10433382 10433402 10434338 10434414 10434462 10434738 10434740 10436162 10433332 10433528 10433428 10431662 10432002 10434478 10434566 10435120 10435978 10435198 10436012 10432028 10431998 10431964 10431984 10432020 10431622 10434540 10436006 10434978 10434924 10433318 10433242 10433498 10433698 10433780 10435326 10434016 10434098 10434510 10435216 10431658 10432090 10432186 10431962 10436204 10436730 10436666 10438112 10436388 10436366 10436342 10436688 10436976 10438090 10437078 10436718 10436370 10433852 10436674 10436974 10436312 10436298 10437030 10436686 10438064 10436936 10431666 10438190 10438234 10436520 10437088 10436684 10436930 10436928 10437232 10432076 10436456 10436454 10437238 10437060 10432078 10432096 10432108 10431982 10433200 10436668 10436418 10436448 10436670 10433718 10433600 10433564 10433510 10437240 10436582 10436526 10436648 10438156 10436662 10437056 10436482 10437070 10431992 10432022 10432054 10432052 10432012 10431910 10431900 10436646 10436394 10436354 10433148 10433146 10433440 10435540 10436374 10436640 10431944 10431960 10431934 10436510 10436404 10434854 10436724 10431894 10431874 10431846 10433224 10433450 10436512 10436408 10436540 10433842 10436644 10437098 10433466 10433406 10433326 10431814 10431806 10432374 10436584 10436796 10436790 10434838 10434444 10431792 10431788 10433512 10436624 10436628 10436630 10436792 10437108 10436528 10435294 10431784 10431762 10436180 10436972 10436224 10436468 10436478 10436542 10436780 10431772 10431740 10433166 10433232 10433342 10435474 10434474 10436814 10436786 10435292 10433366 10433424 10433362 10434312 10431716 10431694 10436018 10438198 10431678 10431664 10432356 10431692 10433154 10433312 10435538 10433612 10433664 10433670 10433558 10436764 10436758 10438152 10432304 10422276 10436752 10436754 10423808 10438232 10435204 10433008 10431690 10421926 10437110 10434704 10434620 10436728 10434492 10434774 10435062 10435166 10434970 10435002 10438226 10435552 10434954 10435436 10434504 10434452 10434388 10434394 10434412 10434288 10434938 10434868 10435458 10435456 10434848 10434188 10434226 10434260 10434348 10435548 10434494 10435550 10435544 10434784 10434576 10434588 10435430 10434662 10422152 10421850 10434616 10434804 10434674 10434694 10434618 10434682 10433702 10431644 10434598 10434562 10434700 10434186 10434516 10434602 10434522 10434470 10434450 10434448 10436016 10436034 10424278 10424370 10424164 10424070 10434476 10423208 10424018 10422102 10424260 10424220 10424256 10424954 10423798 10423848 10424962 10424252 10424254 10423430 10422166 10424948 10424026 10424950 10422438 10424250 10424580 10424618 10424616 10436302 10425008 10422322 10436948 10436896 10421872 10423270 10424182 10424036 10424484 10436888 10436146 10436194 10436242 10437234 10423324 10424328 10436326 10436330 10436700 10437096 10424348 10424690 10436908 10437190 10436900 10436842 10436838 10421832 10425032 10424626 10436304 10437046 10436244 10436138 10436220 10436144 10436890 10437244 10437246 10436892 10423790 10423756 10436152 10436150 10436280 10423846 10423814 10423684 10425060 10437116 10423792 10423794 10425062 10423380 10436284 10436278 10436130 10436080 10436064 10422106 10423686 10424952 10423960 10424098 10436096 10436812 10436816 10437114 10437160 10424068 10424138 10424242 10424124 10436066 10436114 10436040 10435990 10435168 10436714 10436804 10436798 10436802 10423528 10422222 10422268 10424086 10424978 10422452 10423514 10423396 10423190 10423188 10424808 10423298 10424100 10423378 10423352 10423240 10424812 10424410 10424218 10422422 10424814 10424530 10424532 10424462 10423500 10424322 10424538 10424510 10424528 10424376 10421868 10423118 10421802 10421950 10423130 10423112 10421824 10421796 10423278 10423246 10424050 10436230 10422312 10421754 10423304 10421860 10421758 10436968 10422352 10421864 10421880 10423164 10421908 10421892 10423634 10423582 10423606 10424854 10421712 10421910 10421702 10422418 10421876 10421932 10421936 10421742 10421700 10421720 10423162 10421798 10435490 10442558 24853608 10423466 10423416 10421804 10424820 10424830 10421704 10421710 10421718 10423332 10423296 10438202 10145311 10431642 10423518 10423344 10425002 10438054 10424110 10424884 10423830 10424810 10423630 10424806 10424874 10422258 10422260 10423826 10425058 10422340 10422458 10423098 10422328 10422346 10423370 10422344 10422304 10423748 10423720 10423746 10423724 10423392 10423398 10423762 10423770 10422168 10422190 10422290 10422280 10422256 10423156 10423408 10423442 10423566 10423342 10423768 10423696 10423678 10423658 10423648 10424866 10423662 10423260 10423230 10424886 10423428 10423486 10423364 10423228 10423244 10423854 10423856 10422448 10424936 10423440 10424838 10423354 10423320 10424038 10424072 10424324 10424864 10422236 10423884 10423660 10423142 10423196 10423806 10424734 10424896 10423204 10423840 10421914 10422432 10422430 10421818 10421766 10422424 10422412 10422210 10424932 10424934 10423216 10423904 10423864 10422158 10422154 10422086 10422084 10421746 10421714 10423124 10423224 10424140 10424888 10421736 10422400 10421726 10422406 10422104 10423094 10423264 10423362 10421756 10421768 10421774 10422054 10422030 10422012 10423262 10423248 10424818 10424824 10423338 10423340 10421992 10421962 10421928 10421938 10421786 10421816 10421814 10422336 10422314 10423366 10424940 10424828 10423328 10421954 10422020 10422048 10422108 10422192 10422278 10422216 10422334 10423258 10423150 10423290 10421708 10422348 10425078 10423154 10423214 10423286 10423350 10423268 10423292 10425056 10424298 10424666 10424642 10424390 10424302 10424234 10424286 10424456 10424310 10424624 10424590 10424600 10424344 10424346 10424584 10424326 10424172 10424524 10424544 10424982 10424522 10425068 10424968 10425064 10424636 10424686 10424704 10424764 10424748 10424208 10424722 10424700 10424576 10424352 10424000 10423946 10423998 10424928 10424470 10424898 10423890 10424680 10424668 10424664 10424714 10425020 10425066 10424640 10424610 10424386 10423796 10421958 10424334 10424058 10424594 10421978 10421990 10422008 10422042 10424840 10423384 10423390 10424436 10424384 10424174 10423386 10423598 10423480 10422056 10422134 10422150 10422080 10424404 10424214 10424244 10422088 10422078 10421902 10423482 10423502 10424210 10424284 10424998 10423650 10423818 10423766 10424876 10422014 10421982 10421980 10424186 10424198 10424282 10424394 10422026 10422036 10422052 10423554 10423550 10423548 10424388 10424546 10424132 10424184 10424712 10424688 10423558 10422176 10422230 10422262 10422174 10422118 10422138 10424458 10425074 10424052 10423432 10423426 10423568 10423602 10423540 10424380 10425072 10424356 10424506 10424316 10424592 10424144 10423516 10422170 10422244 10422358 10422364 10422288 10422234 10424330 10424676 10424758 10424744 10424176 10424040 10423638 10423728 10423730 10423752 10424512 10424354 10424730 10423980 10423970 10422238 10422308 10422368 10422272 10422254 10422266 10424296 10424922 10423620 10424044 10423866 18474817 10424358 10424248 18474649 10423622 18474947 10423600 10423608 10423562 10422212 10422182 10423536 10423564 10423524 10423356 10422156 10422142 10422110 10422126 10422140 10422130 10422114 10422060 10423594 10423574 10423626 10424858 10424850 10424856 10422034 10422038 10422064 10422032 10421998 10424846 10423590 10423610 10423450 10422010 10422000 10421960 10422006 10421896 10422356 10422370 10421886 10421762 10423560 10423418 10423422 10423434 10423406 10423464 10423584 10421760 10421808 10421792 10421794 10421828 10421930 10421920 10424924 10423470 10423420 10421904 10421878 10422502 10421836 10421834 10424560 18476335 18476307 18476363 18474907 18474661 18477321 18474665 18474623 18474855 18474911 18477359 18476495 18474821 18474919 18474899 18476509 18474831 18474625 18475649 18474657 18477289 18476773 18477021 18476417 18476653 18477313 18477479 18476803 18476381 18477019 18475203 18476607 18474805 18476767 18474801 10423758 18474783 18476421 18476637 18477027 18475667 18477025 18476659 10423760 10423772 10424882 10424536 18477329 18476351 18476811 10424702 10423786 18476485 10423920 10424908 18476815 18476647 10425018 10424612 10424342 18476971 18475263 10423918 10424910 10423876 10424622 10424574 18477029 18477341 18476453 18476419 18477037 18474799 10424646 10424630 10424366 10424502 10423874 18477305 18475105 10423896 10424912 10425070 18477483 18474861 18476449 18474651 18476399 10424516 10424434 10424468 10424364 18475655 18477363 10423908 18477015 18474671 18476445 10425000 10424500 10424988 10424504 10423872 18475209 18476895 18476587 18476499 18475143 18475693 18475691 18474683 18474681 18475217 18476795 18475295 18474693 18475133 18475441 18477273 18476621 18476349 18474893 18474691 18474905 18474897 18475455 18475111 18477263 18474921 18475685 18474633 18474925 18474973 18474653 18475163 18476943 18475273 18475671 18475635 18474859 18474975 18476683 18474637 18475457 18474095 18474135 18475173 18475451 18477477 18474659 18477007 18477235 18474939 18474875 18476521 18477299 10425022 18475189 18475231 18474835 18474723 18476525 18476537 18477279 18476793 18475279 10424652 18475537 18474707 18477011 10423448 18477033 18474901 18474177 18476323 18476467 18474833 18475243 18475137 18475129 10424548 18477335 18475183 18476321 18474849 18477283 10424570 10424586 10424588 10424604 10424632 18476305 18476327 18475377 18475359 10424614 10424644 10425028 10425036 18475519 18477419 18475645 18476665 18476695 18475433 10425034 10425076 18475299 18475661 18475765 10424738 10424740 10424760 18475155 18475151 18475699 18476785 18474161 10424762 10424752 18475205 18476561 18475449 18476555 18477017 18476777 18469526 18469760 18475759 18469530 18470444 18470680 18469644 18476577 18474917 18477293 18469600 18470068 18476451 18475171 18477023 18477013 18470036 18471228 18469498 18469646 18476609 18476523 18475181 18470916 18469586 18475445 18476481 18470814 18469536 18476503 18476779 18469816 18477309 18475443 18474945 18475687 18471102 18476301 18469772 18477315 18474717 18476439 18476579 18469594 18470442 18476805 18474771 18469784 18476309 18475245 18469800 18469810 18475115 18475663 18476447 18477355 18469782 18471022 18470822 18477481 18474845 18474627 18476635 18477035 18470250 18470858 18470278 18471316 18470830 18469614 18469576 18469518 18469510 18470864 18470926 18469660 18469692 18470058 18470294 18470318 18469520 18476329 18476303 18469684 18474151 18474157 18474173 18474121 18469532 18469854 18470226 18470272 18471096 18470866 18470684 18475397 18476285 18469658 18471092 18470284 18470262 18475475 18475319 18475469 18474123 18470856 18470828 18469864 18469492 18470254 18474141 18474133 18474129 18474131 18469652 18470686 18471196 18470676 18470842 18477291 18476679 18475261 18475317 18475277 18471046 18469788 18470248 18475271 18475535 18476681 18474155 18474171 18474159 18469570 18471288 18474169 18475705 18475233 18469628 18469860 18471240 18475193 18475191 18475207 18477423 18469794 18470290 18474795 18474825 18469666 18470984 18470778 18477031 18475199 18475463 18475225 18475385 18475335 18470640 18470646 18471214 18475321 18475323 18474793 18474813 18474977 18470310 18470876 18470304 18470322 18474937 18476825 18470644 18471290 18471248 18471250 18470946 18475287 18475253 18475341 18475379 18475251 18470246 18471216 18477425 18475223 18475235 18475237 18471242 18469672 18476597 18471222 18465528 18464612 18466448 18465028 18464782 18464526 18466366 18464626 18464866 18464980 18469812 18469654 18464448 18465498 18465540 18464638 18465004 18466458 18465088 18466494 18470412 18464618 18466360 18466386 18465016 18464482 18464476 18465090 18466432 18464490 18464878 18464558 18466454 18465054 18474781 18476925 18476593 18464996 18464656 18465676 18466492 18466572 18470324 18466356 18464504 18464456 18466396 18465066 18464994 18465590 18464510 18465034 18464486 18465592 18469814 18469750 18475347 18466536 18464516 18475389 18464600 18466352 18464518 18466592 18471258 18470342 18464816 18464498 18466464 18476553 18475365 18470772 18464578 18466562 18464680 18466410 18470652 18464802 18464566 18464874 18464790 18464480 18466450 18464628 18464474 18464794 18464544 18464876 18465692 18466568 18464494 18464808 18466368 18466374 18466336 18465588 18464872 18464582 18470320 18469540 18469856 18464606 18464870 18464868 18464550 18464488 18465040 18465044 18469584 18465006 18464704 18466460 18464778 18464610 18470288 18471286 18466566 18464484 18460196 18460002 18471254 18469858 18469528 18469512 18469582 18464810 18464676 18459884 18461722 18471314 18470836 18460344 18466398 18466354 18460164 18470784 18470754 18471306 18469522 18469862 18465038 18460126 18469592 18469612 18470052 18470040 18471100 18459874 18461130 18459516 18470940 18470688 18471292 18470334 18464880 18460972 18470042 18470234 18465030 18459754 18460958 18461716 18470600 18470852 18470924 18465036 18464706 18464792 18470446 18470812 18470066 18465062 18470914 18471094 18470918 18470594 18465542 18460298 18470448 18470450 18470402 18464818 18470810 18471256 18470110 18459840 18459802 18470060 18470080 18465688 18460054 18464692 18464508 18470336 18470776 18470942 18470788 18466446 18464988 18466384 18459876 18465558 18459920 18470044 18470630 18470612 18470782 18470786 18464686 18470762 18471104 18470922 18470654 18470848 18469688 18459960 18466430 18465690 18458003 18457909 18457921 18458041 18458047 18458053 18458055 18458185 18461208 18460172 18460966 18461142 18460982 18460024 18459996 18461770 18460964 18460030 18459970 18458061 18465566 18465564 18465560 18458187 18457987 18459966 18458023 18458299 18461740 18458013 18461726 18457927 18457945 18458213 18458221 18460260 18460220 18461766 18457925 18460350 18459514 18458057 18461710 18458215 18460104 18460280 18460088 18457855 18460990 18459818 18461756 18461834 18457851 18458311 25168426 18461760 18460970 18458197 18461762 18461830 18460018 18459492 18461764 18461832 18457975 18459940 18459894 18457859 18458065 18457849 18458259 18460338 18460022 18458297 18460276 18458001 18460974 18460348 18457973 18459924 18459518 18459950 18457949 18460020 18460268 18454559 18455317 18455373 18455811 18455699 18455421 18455675 18454701 18454501 18455415 18454483 18466596 18455313 18454713 18459838 18450741 18454591 18455691 18454707 18460962 18454459 18455377 18455653 18455433 18459760 18455705 18454747 18455411 18454627 18459784 18454453 18454451 18454651 18455307 18455309 18454667 18454751 18454611 18460340 18466428 18454593 18455729 18459878 18455837 18451447 18459786 18460244 18454661 18454471 18455657 18454437 18466594 18464882 18463830 18454665 18454659 18455723 18459752 18460052 18465694 18455701 18454657 18454423 18455677 18455853 18464784 18455417 18455713 18451103 18455659 18454463 18454663 18454725 18455643 18455379 18466526 18466528 18466524 18466490 18455407 18455419 18460342 18459842 18455655 18454745 18454555 18454465 18460346 18466578 18466478 18455683 18455627 18455305 18454573 18466502 18458059 18458017 18451091 18450957 18450721 18450513 18450813 18450699 18450847 18450825 18449961 18450925 18450569 18451519 18450027 18451111 18449973 18450565 18450589 18450799 18451379 18450821 18450749 18451417 18459910 18460236 18460230 18459774 18450499 18450917 18457863 18457883 18457885 18457887 18457893 18457919 18450489 18450697 18450603 18450019 18459780 18459790 18459834 18459822 18459814 18451095 18449995 18459984 18457913 18457943 18450025 18450911 18449945 18450969 18450611 18457959 18459982 18459986 18449997 18450865 18450675 18451365 18460064 18460068 18460076 18458067 18450425 18450493 18450533 18457993 18457947 18457957 18457979 18457995 18450943 18450771 18450737 18460166 18461138 18460200 18450071 18450735 18458005 18458233 18458241 18458231 18451003 18450859 18450669 18460110 18459934 18459916 18460234 18459890 18450989 18450405 18450385 18450573 18460284 18458303 18458247 18458305 18449999 18450887 18450939 18449963 18450927 18449959 18450785 18450557 18460174 18460162 18451085 18451027 18459974 18458255 18450931 18450515 18450867 18450043 18458235 18458043 18457861 18459902 18451041 18450775 18450443 18459882 18460224 18459932 18450947 25168673 25168669 18444702 25168665 18451385 18450537 18446434 18445090 18454733 25168629 25168687 18454569 18454577 18455293 18450647 18450623 25168697 18454737 18454507 25168661 18450625 18454545 18454519 18451381 18445140 25168693 25168685 18445978 18454429 18454723 18454449 18454727 18454729 18455375 18445800 25168681 18443916 18454731 18454633 18454735 18455371 18454183 18443984 25168657 25168645 25168641 18454549 18450873 25168637 18444012 18454499 18454739 18454515 18454743 25168649 18445358 25168677 18454749 18454427 25168633 18444810 18454741 18454537 18444798 18451369 18454485 18454439 18454417 18454425 18454551 18454447 18451051 18450571 18450553 18450541 18445794 18444782 18444918 18445798 18444204 18445314 18445342 18446194 18443882 18443888 18444978 18444886 18444872 18444032 18443900 18445138 18444902 18445518 18444092 18444118 18444198 18443942 18443954 18444708 18445110 18445152 18444968 18444900 18445028 18445128 18444722 18445264 18449977 18444796 18446386 18444700 18444804 18450535 18444776 18443962 18444808 18445000 18444116 18451433 18444824 18445104 18444802 18445058 18445088 18445006 18444880 18444944 18443830 18451551 18451427 18444926 18443822 18444726 18450615 18444882 18445142 18451445 18451411 18445032 18444898 18444874 18450543 18450005 18444934 18445804 18445218 18450455 18450469 18450809 18450527 18445408 18443994 18444862 18443922 18443960 18443872 18443990 18444822 18443956 18450353 18450435 18450937 18450507 18443834 18443930 18443978 18444788 18447478 18443864 18445020 18444914 18445608 18444724 18450417 18450767 18450649 18444800 18443938 18444904 18444780 18450379 18444718 18443910 18443846 18450951 18450613 18444794 18444920 18440502 18446160 18445212 18445208 18446170 18446018 18446376 18445986 18446164 18446148 18439268 18445336 18450991 18450463 18450363 18445298 18440534 18446090 18450009 18450073 18446052 18446268 18445398 18445156 18445396 18446172 18446406 18446400 18440152 18450971 18450393 18450421 18450017 18443904 18446168 18446152 25168625 18445810 18450471 18450075 18440132 18445340 18446180 18450003 18450357 18449983 18449951 18445236 18445392 18449953 18450069 18445214 18445170 18445134 18445554 18445286 18445220 18445154 18445158 18445548 18445230 18445228 18446196 18450047 18449979 18450975 18450381 18445274 18446184 18450437 18443824 18444942 18445284 18446246 18450457 18450485 18443966 18440456 18440658 18439422 18440146 18439350 18439366 18443918 18445812 18445988 18445036 18439560 18440660 18440662 18440100 18439258 18443944 18440532 18440560 18440140 18440644 18443858 18443934 18444812 18443866 18444728 18444736 18443896 18439236 18439178 18440640 18439364 18440178 18444202 18445992 18443848 18440412 18439266 18440654 18440588 18440524 18440466 18440474 18440642 18444908 18445024 18445414 18439466 18444694 18440526 18440584 18440114 18439494 18439294 18443992 18438894 18440578 18440388 18439124 18445418 18439066 18440636 18440634 18440648 18438896 18440520 18444114 18445404 18445394 18444864 18445304 18445980 18440446 18444732 18443852 18440494 18440462 18440564 18445796 18439558 18440666 18440164 18440664 18439336 18440646 18445114 18444714 18440418 18440298 18439352 18444876 18444870 18444124 18443988 18440390 18440160 18439108 18439072 18440118 18440076 18439298 18440650 18443970 18444120 18444102 18443884 18440074 18440086 18439330 18445346 18444200 18445132 18439068 18438900 18439220 18440656 18439140 18439480 18443976 18445542 18445118 18445050 18439094 18440512 18439188 18445626 18444002 18443850 18443854 18444110 18439100 18440304 18439570 18444752 18444840 18445288 18440426 18439146 18440072 18439568 18440254 18440174 18445802 18446374 18446014 18439370 18445310 18445574 18445234 18445174 18445130 18439064 18445164 18445136 18445106 18445116 18445082 18445112 18444928 18445816 18445654 18444998 18445814 18444206 18445018 18445002 18445806 18445010 18446002 18446398 18446372 18445382 18445530 18445808 18445648 18445334 18445528 18445666 18446064 18445350 18445996 18446390 18446382 18439276 18445526 18440150 18440106 18440638 18440668 18439088 18439092 18439438 18439162 18440508 18440120 18440104 18439180 18439148 18439556 18439436 18439154 18439174 18440434 18439248 18439254 18440454 18439182 18439176 18439454 18439496 18439198 18440428 18440528 18440094 18439184 18439194 18439562 18439186 18439082 18439498 18439332 18440168 18439458 18439192 18439470 18439564 18439282 18439264 18439262 18439482 18440652 18439270 18439290 18439316 18439322 18439566 25169191 10145713 with 1 link
2 most connected regions:
18476401 18440216 with 5 links
