Neighbour list object:
Number of regions: 9406 
Number of nonzero links: 18704 
Percentage nonzero weights: 0.02114095 
Average number of links: 1.988518 
51 regions with no links:
4351580 4351582 4351286 4351240 4351256 4351278 3768500 3768488 3769614 3777391 3769574 3773849 3773809 3773777 3773725 3773769 3775523 3774593 3774523 3774845 3774599 3774601 3774841 3775041 3775525 3774945 3776283 3775177 3775135 3774581 3775099 3775271 3775529 3775055 3775401 3776743 3773487 3785371 3787963 3787655 3808609 3804983 3805299 3806011 3807631 3808743 3807719 3807981 3807975 3806967 3808723
Link number distribution:

   0    1    2    3    4 
  51 3634 2159 3496   66 
3634 least connected regions:
4351710 4353550 4351446 4353512 4351128 4354620 4354296 4353926 4354178 4354288 4354502 4354326 4353570 4351224 4351640 4351586 4353372 4352902 4354430 4350674 4350710 4351588 4351888 4350976 4351194 4352672 4352348 4352736 4350694 4350740 4351282 4351822 4350754 4353878 4351252 4351738 4351848 4350746 4352576 4352084 4353532 4353346 4352418 4353218 4353432 4350646 4351016 4350996 4350734 4352952 4350760 4351384 4350850 4352856 4353228 4353262 4354224 4351084 4350672 4351380 4352076 4350772 4352630 4351964 4352940 4351772 4352626 4352358 4351218 4351158 4351204 4352730 4350558 4353814 4351258 4351272 4351188 4351100 4351032 4350824 4351106 4352540 4352500 4350316 4350312 4350542 4350534 4350532 4350776 4351368 4352180 4351478 4350738 4350796 4350854 4351112 4351130 4351156 4351370 4351780 4351794 4350778 4350788 4351146 4351174 4351182 4352492 4350550 4350572 4350560 4350752 4350728 4350360 4350318 4350770 4352314 4350556 4350544 4350600 4351340 4351230 4351234 4351208 4350826 4350682 4350684 4351306 4350856 4351244 4351168 4351034 4351044 4352482 4350562 4350582 4350610 4350612 4350634 4350630 4351382 4350908 4350892 4350894 4350762 4351482 4350584 4350590 4351816 4351806 4350920 4350918 4351386 4351152 4351210 4351124 4351098 4350798 4350586 4351120 4352462 4350628 4350636 4350638 4351342 4351804 4350680 4350640 4350648 4350654 4351052 4351072 4351480 4351800 4351798 4351086 4351104 4351638 4350714 4351242 4351074 4350884 4351796 4350660 4350912 4351060 4351046 4351076 4351246 4351042 4351020 4350990 4351004 4350938 4353400 4353404 4350702 4350840 4350848 4350862 4350902 4351838 4350814 4350724 4350716 4350730 4351338 4350904 4350910 4351378 4352202 4351830 4350632 4350926 4350964 4350948 4350942 4350950 4353314 4353316 4353178 4350956 4350994 4351030 4351070 4350618 4351092 4351116 4350700 4350722 4350736 4350756 4350784 4350812 4350804 4351254 4351178 4351056 4350626 4350836 4350986 4351002 4350966 4350960 4350978 4351006 4351024 4351284 4351312 4350596 4350554 4350538 4350592 4350828 4350834 4350832 4351698 4351328 4353118 4350838 4351662 4351028 4351040 4354420 4354408 4354018 4352948 4351190 4352728 4353006 4352960 4351288 4354374 4354338 4352646 4354096 4352474 4354434 4354428 4352904 4352372 4352746 4352712 4353766 4352714 4351920 4352610 4352810 4352702 4351136 4351202 4353008 4352744 4354280 4354072 4351232 4352378 4352510 4351302 4354360 4353010 4353012 4352432 4352956 4353152 4354344 4352326 4352452 4351904 4354424 4351940 4352910 4352932 4352668 4352658 4352642 4352632 4352628 4352596 4352606 4354378 4354372 4354262 4352622 4352918 4352354 4352586 4352564 4352984 4352604 4354366 4354238 4354522 4354870 4352406 4354436 4354388 4354308 4354874 4354876 4352768 4352612 4353666 4351274 4354208 4354212 4351150 4352430 4351946 4351322 4352850 4352866 4353028 4352874 4351326 4351290 4354164 4351320 4354414 4354860 4352214 4353634 4353602 4353640 4354122 4352434 4352412 4352934 4353020 4352798 4352954 4351198 4351292 4351296 4351126 4354858 4352464 4352394 4354394 4352922 4352982 4352568 4352542 4354350 4354322 4354324 4352514 4351228 4352822 4352842 4352854 4354384 4354310 4354290 4352344 4352338 4351300 4352524 4352614 4352980 4352546 4352652 4352676 4352708 4352690 4352914 4354336 4354852 4352484 4352528 4352502 4353574 4352926 4352572 4351222 4353026 4354078 4354226 4354404 4351318 4351262 4353524 4353670 4352882 4351250 4352858 4352846 4352534 4351932 4354340 4354284 4351332 4352346 4352544 4352974 4354232 4352696 4354352 4351192 4352876 4352894 4352908 4352920 4351900 4351942 4352068 4353194 4353180 4354062 4353690 4352700 4353798 4353828 4353632 4353662 4351826 4351944 4351974 4354194 4354516 4354100 4351918 4354472 4353256 4353490 4353526 4353476 4353764 4353624 4351948 4354130 4353182 4353202 4352684 4352710 4353836 4353224 4353954 4354490 4354064 4351934 4353710 4353564 4353598 4353680 4353734 4354110 4354118 4351992 4353482 4353438 4354468 4352734 4353804 4352660 4351850 4351862 4351820 4354168 4354180 4353908 4353546 4353120 4353880 4354478 4354480 4353780 4353806 4351802 4351836 4354198 4354250 4354276 4354274 4353650 4353822 4352034 4353844 4353966 4352030 4351980 4354192 4354268 4353340 4353892 4353876 4354240 4354228 4354286 4354004 4353932 4353950 4352752 4353834 4354484 4353792 4353776 4353998 4353664 4351958 4353682 4353644 4353658 4353442 4354082 4353294 4354488 4353702 4354020 4354030 4354494 4354056 4353896 4353716 4354044 4353964 4353732 4353586 4353700 4353708 4354292 4351938 4351880 4353882 4353846 4354068 4354126 4353192 4354156 4354058 4354182 4354210 4354070 4354148 4354154 4354088 4354184 4353800 4353652 4354142 4353838 4353686 4353604 4353594 4354026 4354080 4354084 4354094 4351884 4353344 4353322 4353360 4353622 4353402 4353484 4353454 4353516 4354294 4354302 4354016 4354034 4351856 4351842 4353958 4353366 4353382 4354048 4353976 4354500 4353946 4353924 4353386 4351906 4353900 4354504 4353956 4353520 4353358 4354298 4353290 4353184 4351902 4353742 4353156 4351924 4354076 4353142 4350916 4352058 4352620 4353530 4351330 4353286 4352052 4352062 4354054 4354022 4353960 4353898 4353862 4351648 4351716 4353576 4353672 4354526 4353200 4353140 4353830 4351702 4351718 4353676 4351966 4353356 4351708 4351696 4353168 4351628 4353102 4353280 4353302 4353306 4351672 4353272 4353348 4351750 4353980 4353480 4353496 4353300 4351680 4351596 4353216 3715414 4351592 4353334 4353786 4353840 4353174 4353456 4350924 4351616 4351630 4351828 4351878 4351590 4353352 4353870 4353910 4353212 4351882 4351754 4351786 4353704 4353342 4353246 4351776 3717148 4353748 4353448 4351872 4351756 4351752 4351742 4351604 4351612 4353758 4352942 4354090 4353370 4353226 4351758 4353144 4351740 4351930 4351684 4351660 4351654 4351614 4350642 4351694 4353388 4352944 4351748 4350914 4351388 4351634 4351928 4352164 4350928 4351790 4353818 4353694 4351770 4353398 4353528 4351730 4353236 4351736 4351996 4353406 4353170 4353100 4351990 4351868 4353248 4353198 3717574 3716686 3716732 3716840 3716234 3716984 3716024 3716776 3716328 3715746 3717396 3716596 3716954 3715498 3716860 3716560 3717462 3716408 3715582 3717514 3716354 3715406 3715928 3715832 3715822 3715750 3715918 3716672 3717204 3715776 3715734 3716484 3716082 3715502 3715512 3716150 3715426 3715992 3715648 3715546 3717016 3715770 3715860 3715872 3715850 3717034 3716410 3716068 3715410 3715418 3717202 3716402 3715434 3715428 3716586 3716720 3715894 3715812 3715476 3715468 3715874 3717196 3715620 3715672 3715940 3716608 3715660 3716340 3717586 3715416 3715574 3715444 3715430 3715630 3715682 3717154 3716396 3716474 3716372 3715904 3716166 3715592 3716158 3716240 3715440 3716606 3716164 3715588 3715774 3716210 3716394 3715424 3715526 3715696 3715950 3715938 3717026 3716468 3716170 3716538 3716518 3715736 3715712 3717206 3715656 3715658 3717210 3716582 3715818 3715956 3717090 3716078 3715764 3715732 3716316 3716486 3716120 3715662 3716322 3715942 3716262 3715702 3715800 3717208 3715494 3716074 3715594 3715608 3715650 3715666 3715596 3715590 3716400 3716564 3717388 3715678 3716142 3715496 3716558 3716632 3715920 3716302 3715692 3715960 3717200 3715598 3716386 3715964 3716344 3715570 3715556 3715742 3715802 3715804 3715830 3716134 3716010 3715898 3716528 3716572 3715932 3715784 3715902 3716304 3715510 3716032 3717084 3716258 3715506 3715558 3715442 3716594 3715454 3716178 3715412 3715980 3716088 3715482 3717080 3717020 3717032 3717180 3716370 3715432 3717384 3716216 3717498 3716456 3717316 3716764 3717376 3716842 3716750 3716802 3716336 3716284 3717430 3716168 3716288 3717562 3717580 3717582 3717512 3717516 3717322 3717402 3716334 3716488 3717092 3717618 3717424 3717438 3717410 3717456 3717428 3716348 3716156 3717528 3716648 3717368 3716818 3716880 3716914 3716946 3716688 3717538 3717558 3717328 3717348 3716668 3717436 3717432 3717482 3717002 3716362 3717362 3717610 3717294 3716998 3717552 3716534 3717394 3717486 3716224 3716318 3716976 3716994 3716908 3716930 3716904 3716852 3717448 3717492 3716722 3717068 3716550 3717404 3716902 3716788 3716392 3716398 3717340 3717504 3717474 3717478 3716238 3716738 3716784 3716502 3716548 3717280 3716420 3716432 3716194 3717370 3717412 3716228 3716260 3716978 3717216 3716936 3717488 3715998 3716338 3716588 3717306 3716620 3716640 3716674 3716756 3716744 3716426 3716510 3716926 3717060 3717332 3716220 3716862 3716874 3717214 3716834 3715968 3717496 3717062 3716622 3716666 3716660 3717212 3716782 3716814 3716522 3716580 3716536 3716222 3717390 3716042 3716848 3716838 3717124 3717072 3716452 3716496 3716482 3716446 3716300 3717338 3715978 3716070 3716824 3716900 3716932 3716552 3716626 3716274 3716250 3716002 3717472 3715988 3716320 3717074 3716956 3716934 3716578 3716774 3717126 3716602 3716562 3716268 3716286 3717470 3717588 3717578 3717534 3717058 3716810 3716806 3716140 3716138 3716958 3717546 3717620 3717622 3717536 3716206 3716718 3716962 3717286 3716604 3716244 3716198 3717440 3716144 3717554 3717570 3717308 3716618 3716676 3717114 3717398 3717414 3768866 3768724 3715958 3716796 3768740 3770476 3769148 3769178 3769448 3769572 3716694 3717290 3716758 3768882 3769224 3770270 3716812 3716960 3716924 3716116 3715452 3715408 3715632 3715710 3715752 3715748 3715816 3769422 3715862 3715852 3769184 3715916 3715930 3717044 3715954 3769426 3769796 3769206 3715962 3716012 3769364 3717198 3769234 3768674 3715974 3769298 3769720 3769576 3769222 3768732 3768734 3768604 3768610 3769346 3769522 3769706 3768718 3769566 3769526 3769538 3770440 3768682 3769506 3769594 3769324 3768506 3769664 3768828 3768486 3768480 3769712 3769214 3768668 3768670 3768596 3769588 3769472 3769484 3769530 3769466 3769650 3769540 3768892 3768638 3769710 3768658 3768692 3769586 3769388 3769612 3768524 3768586 3769344 3768754 3769390 3769548 3768726 3769714 3769338 3769492 3769452 3769328 3768646 3769862 3768630 3769462 3769232 3770422 3769658 3769600 3769330 3770306 3770416 3769676 3769524 3769252 3768618 3768678 3768530 3768648 3768538 3768540 3770226 3769286 3769238 3769432 3769716 3770340 3769378 3769702 3769580 3769454 3770430 3770436 3770448 3770454 3770468 3770464 3770242 3769230 3770426 3770330 3769340 3769460 3768578 3769428 3770470 3770502 3770472 3770450 3769504 3770228 3769372 3770432 3769336 3769366 3768660 3769704 3768532 3768752 3768720 3768652 3769268 3769510 3769270 3769854 3768806 3769864 3770414 3769288 3768728 3768708 3768694 3769280 3769360 3769262 3769496 3769418 3769494 3769860 3769260 3769518 3769386 3769578 3768572 3769362 3769358 3768574 3770230 3769528 3769668 3770232 3770244 3770250 3770254 3768620 3769290 3769258 3770442 3768522 3768592 3768768 3768472 3768644 3768612 3768602 3768510 3768514 3769296 3769242 3769208 3770272 3770282 3770284 3770280 3769480 3768518 3768634 3770264 3770262 3770266 3768666 3768688 3769430 3770446 3768484 3768478 3768460 3768458 3768496 3776451 3768482 3768492 3769882 3768918 3768504 3769174 3769170 3777467 3769852 3769152 3769138 3769136 3769226 3776459 3769130 3769132 3769128 3769196 3769176 3768766 3775757 3769188 3769202 3769180 3769278 3769256 3769858 3769198 3769648 3769856 3775559 3774953 25319834 3775643 3769320 3769408 3769302 3769248 3769194 3769182 3773921 3773613 3775283 3775621 3773543 3775537 3776271 3773243 3775183 3775719 3776465 3773215 3773529 3774099 3776951 3774503 3773817 3776123 3775781 3774515 3773353 3773753 3774947 3776513 3774743 3777033 3773931 3774695 3775185 3775063 3773627 3773559 3775641 3773909 3775489 3773939 3774113 3773509 3773703 3773721 3773735 3773477 3773347 3773397 3773315 3773297 3773259 3773245 3775521 3773805 3773851 3773823 3773403 3773503 3773729 3775437 3773299 3773235 3773813 3773723 3773237 3773219 3773213 3773759 3777117 3773593 3773563 3773739 3773639 3774041 3773239 3773211 3773209 3773227 3773797 3773483 3773485 3773713 3773231 3774741 3773225 3773845 3773841 3773815 3773531 3773465 3774469 3773251 3773255 3773269 3773637 3773411 3773369 3773377 3773541 3773317 3775259 3775281 3773837 3773645 3773473 3773459 3773535 3773911 3773303 3773293 3773313 3773289 3773323 3773271 3773933 3773927 3774495 3774479 3773679 3774821 3773505 3773575 3773943 3773489 3773709 3773913 3773859 3773359 3773387 3773899 3775661 3773677 3775191 3773749 3773547 3773935 3774111 3773623 3774481 3773897 3773895 3773337 3773331 3773351 3773549 3773571 3773533 3773785 3773567 3773365 3773407 3773915 3774477 3773719 3773523 3773771 3773789 3773941 3773655 3773599 3773629 3773495 3776163 3773857 3774753 3773917 3773781 3773793 3773783 3773929 3773587 3773439 3773395 3773393 3773919 3774109 3774493 3773743 3773715 3773591 3773555 3773497 3773399 3775013 3774813 3774647 3773577 3773907 3774467 3776921 3776433 3777141 3775141 3773345 3774685 3775373 3774545 3774557 3776293 3775863 3774843 3776097 3774929 3776693 3776823 3776943 3775453 3776471 3775613 3775161 3775125 3774619 3775241 3774567 3774585 3774703 3775597 3775579 3775581 3774755 3775561 3775147 3774507 3774541 3774623 3774893 3775733 3775607 3774549 3774559 3775615 3774571 3774531 3776629 3776477 3777181 3776845 3776411 3776101 3774725 3774713 3774827 3774615 3775427 3776325 3776349 3777107 3776527 3775569 3775441 3775553 3777131 3776107 3775295 3775611 3775585 3776099 3774715 3774693 3775517 3776095 3775385 3774625 3776371 3775149 3775601 3774761 3774587 3774561 3775375 3775383 3775205 3775627 3775431 3775011 3775519 3774707 3777097 3774867 3776075 3776687 3775047 3776749 3774921 3774865 3776469 3774861 3774815 3774891 3775875 3775105 3775115 3775079 3776795 3775565 3775325 3775009 3775159 3775511 3774847 3775357 3775209 3775139 3774919 3774705 3774905 3776797 3777091 3775999 3776125 3776111 3774591 3774583 3774699 3775265 3774691 3777111 3774879 3776719 3776105 3776275 3776897 3775425 3776167 3774941 3776651 3776443 3776501 3775549 3774803 3775155 3774927 3777225 3777015 3774645 3774679 3774665 3776655 3775571 3775117 3775119 3774863 3776117 3775233 3774613 3774971 3777007 3776419 3775591 3774839 3774763 3774779 3775513 3775509 3776113 3774529 3775543 3775855 3774689 3774759 3776715 3776593 3776817 3775019 3774977 3774641 3774519 3774509 3774527 3775865 3774823 3775001 3775083 3774723 3774777 3775071 3776381 3774801 3780345 3775005 3774791 3775129 3774745 3776027 3775311 3777059 3775595 3774681 3776487 3775167 3775341 3776905 3775277 3774997 3774673 3777045 3775199 3776667 3776739 3776745 3777067 3777147 3775329 3775359 3774637 3777031 3777201 3777005 3776901 3776967 3775181 3776773 3776781 3774709 3775201 3777171 3776975 3777227 3775173 3777221 3776557 3776491 3776341 3774785 3775307 3775463 3775087 3776961 3777187 3775289 3776483 3776331 3775527 3775633 3775327 3776923 3776907 3776995 3776833 3776789 3776969 3777037 3775551 3775153 3776551 3775623 3775355 3776889 3776925 3775493 3776431 3776447 3774605 3775073 3776555 3774739 3774643 3776481 3775179 3775023 3774687 3775361 3775225 3775065 3775021 3774701 3776881 3776843 3776403 3775077 3776637 3776279 3775379 3775637 3776827 3776709 3776499 3776423 3776367 3776369 3776467 3776647 3775075 3775417 3774639 3775371 3774651 3775043 3775503 3775555 3774773 3775617 3775227 3776813 3776761 3776793 3776395 3777061 3774949 3776289 3776489 3776393 3776573 3776631 3777137 3776663 3776711 3777233 3774903 3775279 3777113 3774931 3775589 3774697 3774901 3777155 3777153 3777151 3776611 3776615 3776121 3775203 3775531 3780327 3774669 3777049 3776657 3775445 3776771 3777165 3777169 3776829 3776871 3774597 3774737 3774633 3777211 3777051 3777385 3777115 3776119 3774959 3775639 3776957 3776801 3776455 3775033 3775221 3776569 3776365 3776307 3775465 3777175 3776835 3777387 3774765 3776915 3776977 3776945 3776705 3777079 3775439 3774795 3775245 3776857 3773511 3773525 3773545 3775535 3774607 3786561 3773573 3773579 3773597 3773643 3774793 3774459 3773653 3773633 3773697 3773747 3773733 3773755 3776159 3786355 3773737 3773947 3773827 3773787 3773773 3773765 3773949 3776973 3773945 3773811 3786503 3780287 3773825 3773839 3773831 3774465 3774471 3773965 3775487 3774489 3774485 3774501 3774505 3786475 3786307 3775491 3774511 3774579 3774563 3775501 3775499 3786911 3789071 3787543 3789741 3789145 3788451 3786781 3787619 3789095 3788563 3788113 3786807 3788801 3789163 3787473 3787651 3789577 3789033 3785657 3786617 3786445 3786649 3789003 3789097 3785799 3785197 3785221 3786303 3785227 3785269 3785271 3785285 3785289 3789695 3785603 3788829 3785527 3789069 3785267 3785281 3785801 3785191 3786849 3785503 3787579 3787375 3788887 3787635 3785777 3789157 3785225 3785089 3789019 3788507 3788909 3785813 3787531 3789591 3789583 3786603 3788927 3788569 3785355 3787623 3785459 3789589 3788387 3788905 3786747 3785251 3785231 3785229 3785601 3787367 3787369 3787357 3787337 3787373 3785651 3785663 3785831 3785469 3785471 3785403 3785385 3785379 3785579 3787485 3787475 3788027 3785677 3785389 3785911 3785391 3787561 3787513 3787407 3787131 3785359 3785367 3785373 3785903 3787129 3785315 3785337 3785317 3787333 3785683 3785099 3785011 3785037 3785009 3785023 3784985 3784997 3785771 3785843 3784967 3784987 3785019 3787307 3787295 3785135 3785173 3785185 3785179 3784961 3787479 3785051 3785045 3785047 3787265 3785491 3785031 3785517 3787235 3787297 3785205 3785243 3785249 3785239 3785235 3787599 3788063 3785071 3785209 3785177 3785165 3785773 3784989 3787371 3785159 3784969 3785003 3784975 3785101 3785109 3784991 3785783 3785791 3785795 3785215 3785457 3787161 3785113 3785151 3784983 3787563 3784965 3785055 3785057 3786021 3785569 3785543 3785587 3785551 3787403 3787225 3787201 3787203 3785171 3785793 3787997 3789361 3789385 3789391 3789333 3789309 3785035 3785781 3789721 3789243 3787339 3789195 3785669 3785033 3785143 3789273 3787867 3787801 3789245 3787659 3785493 3785505 3787523 3787937 3785121 3789725 3789727 3789717 3789723 3787349 3787393 3787815 3787809 3787205 3787965 3788139 3787209 3785699 3787137 3787215 3787141 3789295 3789715 3789363 3787385 3787863 3785681 3785027 3787185 3785029 3785077 3787555 3785073 3787767 3787759 3787783 3787743 3785703 3784979 3784973 3785081 3785115 3787857 3787821 3787793 3787741 3784959 3784957 3785501 3787713 3787715 3787155 3787417 3787453 3787675 3789323 3787705 3789287 3787665 3787595 3787189 3789229 3789131 3785609 3785607 3789423 3787769 3787945 3787191 3787609 3789709 3787363 3789207 3789127 3789405 3787353 3787313 3787317 3788043 3789219 3787777 3787539 3787553 3789689 3789687 3785621 3785619 3787533 3787517 3789241 3787413 3787241 3787239 3787603 3789129 3787249 3787247 3787217 3787227 3787467 3787355 3787321 3787637 3789161 3789153 3789683 3789681 3789239 3789211 3789075 3789077 3787799 3787525 3785643 3786071 3789397 3788367 3785713 3787181 3789191 3789303 3787465 3787823 3787573 3787839 3787597 3787643 3787727 3787615 3789103 3789079 3787195 3787169 3789133 3789099 3789111 3789115 3789149 3789121 3787841 3787849 3789197 3789819 3788381 3786729 3786745 3787835 3787695 3786695 3786693 3786629 3786605 3786639 3788503 3786749 3788741 3788743 3789313 3787681 3787699 3788703 3788783 3788795 3789797 3788699 3788335 3787735 3789311 3787613 3787309 3789351 3788163 3789809 3789093 3786575 3786501 3786577 3786641 3788475 3788531 3788695 3787445 3787953 3787959 3787859 3788161 3789141 3789171 3787471 3787423 3787425 3787437 3787861 3788159 3789667 3789143 3786597 3786665 3786681 3786873 3788907 3788319 3787633 3787855 3787267 3789671 3787183 3789107 3789135 3787611 3787577 3787541 3787733 3789807 3789789 3788541 3789119 3789285 3789441 3787463 3787457 3789223 3789811 3788849 3788881 3788771 3786803 3789291 3787429 3787433 3789159 3789083 3789087 3789089 3788991 3789055 3789029 3789731 3787221 3789199 3789173 3787677 3788361 3787507 3787519 3787631 3789231 3789521 3785667 3785635 3789531 3788423 3786673 3786773 3788639 3787745 3787771 3788845 3788901 3788871 3788813 3789569 3789487 3787343 3786323 3786309 3786325 3786347 3785631 3785665 3789573 3789429 3786619 3788421 3786913 3786581 3788461 3789821 3789477 3786319 3789547 3789555 3789537 3789815 3789503 3789567 3786885 3786341 3786905 3786621 3786433 3788457 3789465 3789541 3789451 3788971 3786719 3786473 3786547 3789463 3785539 3789575 3786751 3789587 3788479 3789565 3789415 3786447 3786741 3786583 3788411 3789435 3787559 3788645 3786549 3789493 3789775 3786553 3789813 3786677 3789407 3788385 3789817 3789443 3789433 3786525 3789799 3788823 3785347 3785333 3789579 3788349 3788443 3788993 3789483 3789595 3789533 3786523 3786563 3786465 3788413 3789059 3788831 3785361 3786579 3788891 3788949 3786343 3788961 3788911 3788903 3786659 3786573 3786595 3785313 3788859 3786335 3786515 3786535 3786863 3789049 3786533 3786435 3789403 3789793 3785309 3785293 3786845 3789581 3787377 3788955 3789481 3789419 3786529 3786517 3787647 3786679 3788517 3785297 3785295 3789529 3786439 3788975 3786459 3788865 3788885 3785277 3789387 3785675 3789051 3789005 3786589 3786625 3788935 3789801 3788495 3789543 3785581 3786329 3786847 3788459 3786755 3788967 3789401 3789375 3786727 3787721 3787707 3788095 3787875 3789545 3786305 3785365 3788515 3788543 3787967 3786551 3786591 3786521 3786725 3789585 3789593 3786841 3786285 3788643 3788923 3786783 3788969 3786713 3786509 3788931 3788919 3789557 3789495 3786437 3789399 3788389 3787667 3787617 3787625 3788493 3788839 3788397 3788365 3785437 3786835 3786831 3789025 3788915 3785417 3785415 3786489 3788803 3786359 3786363 3786371 3786367 3788325 3785825 3786483 3788937 3785431 3785433 3789637 3789803 3786259 3786261 3785563 3785533 3788393 3786073 3785453 3785495 3788637 3788629 3788511 3789805 3786411 3789657 3785489 3785475 3788453 3788655 3788605 3788533 3786265 3786417 3785467 3788995 3786907 3786449 3786495 3789023 3785435 3788711 3788609 3785477 3788775 3788623 3785507 3785513 3785519 3785291 3786257 3788611 3786269 3788779 3788785 3788625 3788565 3788469 3785409 3785407 3785463 3785419 3785363 3786283 3786263 3788665 3788707 3788631 3788651 3788633 3788693 3788581 3788489 3785405 3785487 3789665 3786541 3785529 3785531 3785611 3785605 3785599 3788641 3789795 3809007 3786369 3786271 3788987 3789651 3788509 3788589 3785509 3786527 3789661 3809153 3788585 3788619 3788667 3789649 3785535 3785553 3788601 3788755 3788675 3786415 3786381 3786779 3807641 3788683 3788807 3786357 3788355 3788957 3786837 3785395 3786455 3788879 3808381 3808761 3786389 3786399 3788371 3788327 3788877 3789791 3788351 3785617 3808617 3785397 3786467 3789321 3788369 3786817 3809031 3786811 3786805 3786753 3788333 3808579 3786815 3786927 3786423 3786813 3786421 3785133 3785183 3785189 3785169 3785147 3807699 3807951 3785153 3785161 3785275 3805797 3809733 3786909 3806313 3786787 3805959 3785107 3787961 3786311 3809743 3786799 3788843 3788999 3785523 3785521 3786463 3805421 3806023 3808835 3806687 3806985 3806561 3804869 3806655 3806031 3808197 3805825 3805185 3805583 3805167 3805823 3807247 3805935 3807053 3805593 3805401 3805929 3804799 3807883 3806041 3807123 3805285 3806029 3804781 3804785 3807575 3808951 3804795 3805291 3806003 3805111 3808843 3805193 3809513 3805597 3808265 3809151 3808001 3807017 3805965 3804779 3805705 3805225 3806321 3806969 3807939 3805763 3805775 3805169 3804847 3807055 3805165 3804801 3808397 3809675 3809155 3807249 3805927 3805051 3804927 3805195 3805171 3805275 3808163 3805833 3808839 3805181 3805173 3805353 3805203 3805179 3805433 3806025 3805387 3805407 3805405 3805337 3805413 3809503 3805213 3804783 3805369 3805417 3805459 3805371 3805313 3806199 3805199 3805201 3805437 3805467 3805489 3808157 3808019 3805611 3805603 3805677 3805229 3806183 3807565 3806569 3805163 3807201 3806163 3806013 3805751 3805755 3805761 3806139 3808181 3813301 3804957 3806601 3805647 3805943 3804889 3804839 3805839 3806951 3807061 3805979 3805021 3805043 3804919 3804959 3807057 3804853 3804901 3804899 3805215 3805211 3805101 3805521 3804911 3804837 3806915 3805277 3805357 3805341 3805297 3805547 3805091 3805783 3805537 3805539 3804949 3804935 3805957 3805283 3804857 3804851 3808709 3804875 3804861 3805321 3805419 3805429 3805425 3805309 3805485 3805443 3804991 3805011 3804833 3805083 3805099 3805141 3805155 3806319 3805129 3805009 3804973 3806939 3805841 3805157 3805289 3805303 3805375 3805351 3805239 3805187 3805233 3804971 3805973 3805645 3806061 3805947 3806961 3806983 3805251 3805431 3805627 3805581 3805019 3806971 3806009 3805177 3805159 3805293 3806323 3805311 3805969 3805523 3805333 3805281 3805209 3806325 3806327 3805723 3805945 3804845 3805221 3805631 3805035 3804907 3804967 3804969 3805479 3805435 3805721 3805657 3804815 3806315 3806037 3806045 3806033 3804809 3805567 3805559 3805555 3804797 3804913 3804883 3804947 3804865 3805931 3804963 3805063 3805053 3806335 3805441 3804821 3804903 3805981 3804823 3804835 3805983 3808039 3805963 3804829 3804843 3807499 3807391 3808687 3807537 3807637 3807327 3807261 3806331 3805695 3805853 3807617 3806059 3805739 3807189 3807293 3807197 3805717 3805675 3807785 3807841 3805851 3806065 3806049 3805683 3807021 3805641 3805687 3805585 3807309 3807175 3807131 3807595 3807705 3805491 3805837 3806903 3805807 3808023 3805449 3805707 3805817 3805753 3807807 3805451 3807049 3805619 3805621 3806899 3807193 3805473 3806329 3805633 3807117 3805377 3805601 3806337 3807289 3807379 3806905 3805509 3805829 3808689 3807051 3807279 3806873 3805821 3806667 3806657 3806659 3806673 3808353 3806949 3805533 3805447 3808349 3808351 3808295 3807079 3807257 3805541 3805499 3805551 3805379 3807211 3806999 3807147 3808341 3808367 3808405 3808483 3808503 3806909 3806857 3806913 3807243 3807369 3807365 3808533 3808491 3808837 3807081 3807083 3806945 3805811 3807527 3807831 3805453 3806035 3805847 3805757 3809141 3808831 3808445 3808403 3808393 3808359 3808269 3807463 3806941 3808333 3808311 3805697 3806333 3805733 3805799 3806957 3807709 3807497 3808253 3808781 3808189 3808773 3808141 3807357 3805609 3807611 3807157 3807165 3807353 3808013 3808061 3806607 3806603 3806615 3807791 3807845 3807919 3808753 3808047 3809145 3807349 3807321 3808025 3806861 3808199 3807241 3808207 3808205 3808275 3808237 3807269 3809147 3807277 3807903 3808813 3806617 3806619 3806623 3806627 3807179 3807219 3807253 3807345 3808053 3807911 3808083 3808317 3808267 3808787 3808097 3808147 3807341 3807427 3809139 3808171 3807767 3807459 3807003 3808125 3807793 3807749 3806979 3806977 3806635 3806641 3806689 3807535 3807485 3807861 3806595 3807039 3807007 3806691 3806653 3808015 3808031 3807745 3807483 3807479 3806599 3806597 3807833 3807901 3808747 3809143 3807963 3807073 3807025 3807409 3807421 3806871 3808145 3807797 3807549 3807683 3805771 3808193 3808245 3808323 3806675 3807133 3807237 3807907 3807805 3808867 3809475 3809779 3808043 3807961 3807871 3807715 3807553 3806609 3807917 3808725 3806947 3808649 3808853 3808619 3808847 3807693 3807649 3806571 3806579 3807571 3808089 3808041 3808069 3807045 3807727 3807825 3808615 3808613 3809495 3807393 3807787 3807623 3807799 3807657 3806583 3805613 3806847 3809457 3809493 3809541 3807851 3807809 3807543 3807613 3807967 3806697 3808995 3807823 3807713 3807711 3809545 3809543 3807559 3807473 3807281 3808035 3808113 3808177 3808137 3809573 3809505 3809529 3807583 3807467 3807405 3807573 3806567 3806581 3809563 3809537 3809517 3809595 3809575 3809581 3809583 3809603 3808111 3808211 3808229 3807925 3807531 3807563 3807619 3807723 3808071 3809637 3809657 3807183 3807377 3807853 3805777 3805785 3806975 3807311 3808355 3808379 3805243 3805205 3808599 3809487 3808037 3809507 3809527 3808401 3808235 3805041 3808821 3808495 3809737 3809703 3808511 3808513 3808493 3809689 3807959 3808657 3808423 3808625 3805991 3808515 3808605 3808489 3809609 3809649 3805007 3804975 3808817 3808251 3808243 3808077 3808131 3808027 3809777 3809745 3809727 3808045 3809171 3808535 3809685 3809715 3809673 3809665 3808593 3805455 3804879 3808629 3804977 3808293 3809645 3809619 3808537 3808865 3808873 3804909 3809445 3808375 3808509 3809149 3809591 3808639 3808585 3806317 3808827 3808601 3808531 3808575 3808621 3808641 3808581 3808527 3808849 3809721 3808447 3809605 3807929 3809623 3808597 3808221 3808795 3809723 3809705 3809755 3809753 3809677 3808223 3808595 3809707 3808263 3809681 3809717 3809749 3808261 3808257 3809463 3808573 3808805 3809747 3809567 3808347 3808315 3808067 3808277 3808329 3808369 3808395 3809843 3808273 3809157 3809845 3809729 3809641 3805175 3808439 3809481 3809465 3808433 3807977 3808217 3805149 3805117 3805065 3808571 3808583 3808431 3808451 3809447 3808659 3809455 3808823 3809519 3808815 3808143 3805805 3805653 3805655 3807339 3808185 3807389 3807323 3807441 3807469 3805245 3806339 3807529 3805519 3807599 3807577 3807589 3805629 3805617 3807605 3807987 3807989 3805711 3804825 3804827 3807221 3807295 3807263 3807115 3804817 3807109 3806963 3809725 3807717 3807001 3806669 3813295 3807199 3807181 3805861 3807019 3807401 3808917 3806017 3806067 3805571 3807415 3808729 3807585 3807523 3805469 3804793 3805759 3805573 3805815 3805747 3807503 3807447 3807777 3807765 3807775 3807691 3807647 3808767 3808151 3808133 3805329 3805813 3806053 3807161 3805789 3807817 3808065 3808175 3805319 3806057 3809521 3809731 3808149 3807251 with 1 link
66 most connected regions:
4353430 4353190 4353422 4353460 4352494 4353638 4354260 4354530 4353380 4353596 4352806 4353514 4350650 4354114 4354364 4352840 3716494 3716100 167484386 167484416 167484399 3775363 3777149 3776397 3776639 3776559 3775413 3777133 3776751 3775811 3775243 3775339 3776723 3776537 3775377 3776517 3776509 3776337 3775089 3773445 3775219 3774717 3776911 3775629 3776903 3774955 3776609 3787311 3787931 3808429 3808413 3809679 3807819 3807569 3808523 3808637 3808717 3807155 3807477 3807651 3807587 3807707 3807455 3808481 3805183 3805971 with 4 links
