Neighbour list object:
Number of regions: 7155 
Number of nonzero links: 14264 
Percentage nonzero weights: 0.02786263 
Average number of links: 1.993571 
27 regions with no links:
5213999 5218011 5210995 5214599 5213393 5210501 5217481 5217075 5216783 5217191 3489395 3484757 3484169 3484157 3484951 3485693 3482849 3486013 3485959 3483047 3483049 3486063 3486293 3483125 5231230 5232426 5231170
Link number distribution:

   0    1    2    3    4 
  27 2976 1212 2896   44 
2976 least connected regions:
5216405 5213479 5217167 5216505 5213259 5210841 5216635 5210405 5213257 5216433 5210519 5212109 5214171 5210961 5215375 5212099 5214839 5210685 5211385 5211971 5217041 5217151 5210855 5214731 5217699 5217091 5217773 5210603 5217769 5217767 5217571 5215017 5214969 5214837 5216929 5214857 5215465 5215035 5214849 5215549 5218081 5215125 5212043 5212627 5214427 5217485 5217509 5215233 5217175 5215329 5218249 5214309 5211491 5215109 5215519 5215527 5215533 5215541 5213909 5214847 5214867 5214879 5217685 5214759 5211531 5210779 5210575 5214909 5215479 5215547 5212829 5214859 5217073 5215175 5213833 5218109 5211761 5211555 5215421 5211955 5215143 5212019 5217119 5217133 5215335 5218133 5217705 5217743 5218253 5215157 5217931 5215507 5217715 5218015 5212891 5217623 5217935 5218243 5217045 5217605 5211973 5215539 5217995 5217889 5217911 5214993 5214485 5215065 5215537 5218001 5217775 5211937 5210839 5217731 5211925 5217879 5212771 5215551 5215083 5218039 5215009 5211667 5214801 5218113 5218111 5214803 5211695 5214459 5218105 5217645 5217631 5218045 5213437 5214919 5213977 5214469 5217547 5218047 5215723 5215261 5215275 5217471 5211527 5217557 5217695 5217681 5214679 5214887 5212159 5217867 5217859 5215419 5214493 5217687 5217841 5217839 5218257 5217527 5217515 5210767 5217639 5217489 5217821 5217783 5218251 5215355 5215343 5217141 5215501 5217569 5211957 5210667 5218117 5217487 5217533 5217933 5215093 5215071 5212029 5217983 5218027 5217747 5215089 5215279 5215255 5217669 5214275 5214465 5215199 5214779 5211549 5215015 5215259 5215225 5217507 5217459 5217637 5218009 5217053 5214669 5214683 5214677 5214665 5214645 5215031 5217735 5218087 5217861 5217851 5214891 5214865 5217765 5215251 5217967 5217963 5217945 5217921 5217917 5217729 5214835 5217961 5217941 5215403 5214565 5214593 5214579 5218247 5215245 5215217 5214505 5214497 5214483 5217993 5217989 5218005 5217999 5215159 5215239 5217517 5215191 5215263 5215243 5214451 5218053 5215043 5217711 5218255 5217499 5217815 5215197 5215221 5215387 5214499 5214585 5218037 5218017 5218029 5218019 5215033 5214995 5214961 5214959 5217463 5217817 5218245 5215267 5217607 5215515 5215511 5215185 5215147 5218041 5218063 5215407 5215409 5214743 5214957 5215023 5217897 5217635 5215411 5215413 5215417 5211459 5211435 5211987 5212033 5212041 5214845 5217881 5217871 5215535 5213859 5213967 5214025 5214045 5211769 5211585 5214933 5214783 5217873 5215543 5213965 5214071 5214103 5214913 5217759 5214785 5215193 5214069 5214131 5214241 5214287 5211519 5215187 5215169 5215121 5217761 5217849 5214441 5214399 5214405 5214581 5214699 5214735 5217809 5217853 5217835 5217599 5211607 5211423 5211379 5211507 5211415 5211509 5211523 5217803 5217777 5217795 5214765 5214721 5217955 5217541 5214953 5218023 5217717 5214713 5214725 5214799 5214795 5214793 5214745 5214705 5215167 5217907 5217887 5218135 5211787 5211745 5211773 5217563 5215151 5217951 5217531 5217525 5217483 5217583 5216491 5215075 5218089 5217733 5217829 5214299 5212125 5214661 5215377 5211479 5211537 5211283 5210403 5210411 5210433 5210935 5211315 5211425 5211675 5211719 5214359 5214293 5214447 5214425 5214419 5214367 5214343 5214455 5214453 5214373 5214279 5211757 5211689 5211285 5211289 5211341 5211327 5214203 5214137 5212115 5211723 5212127 5211791 5211299 5215389 5214559 5214855 5214769 5214757 5214863 5214927 5214247 5211665 5211823 5215433 5211801 5211713 5211833 5211351 5211367 5211359 5211365 5211407 5211463 5214315 5214327 5211709 5214005 5211553 5211477 5214903 5215003 5214947 5214949 5214955 5210809 5214361 5211441 5212091 5211503 5215369 5214615 5211557 5214285 5214591 5214589 5214625 5214695 5215359 5214133 5212163 5211545 5211587 5214321 5215435 5214107 5214089 5215327 5210829 5210825 5211601 5214431 5214489 5211629 5214717 5214755 5214797 5214853 5214871 5212035 5211609 5214523 5214597 5214481 5212005 5211933 5211961 5212135 5210815 5214289 5211641 5214613 5211471 5214449 5214885 5214941 5214253 5214277 5211371 5211579 5211907 5211905 5213861 5213949 5213955 5214207 5214193 5211417 5212075 5211353 5211293 5211561 5211577 5214999 5210599 5210641 5214023 5213929 5211319 5211305 5211565 5214179 5214127 5214065 5214397 5213959 5213875 5215321 5215037 5215085 5211335 5211295 5214105 5214115 5215325 5217627 5217613 5217593 5217589 5217565 5217567 5211551 5211485 5214047 5214051 5217543 5217555 5217667 5217665 5217653 5217647 5211431 5211325 5217643 5217895 5217539 5217513 5215397 5215357 5214371 5214347 5213935 5212009 5212023 5210867 5216569 5216627 5213221 5213223 5210749 5210581 5214281 5211721 5215365 5214187 5211893 5211993 5211521 5210849 5210997 5213481 5214205 5214267 5214129 5211909 5217249 5213599 5214141 5214043 5214737 5215445 5211839 5211881 5210843 5210859 5210707 5211693 5211891 5211879 5211635 5214231 5211821 5215323 5211645 5211583 5211739 5211669 5215381 5214511 5214271 5211847 5211653 5211873 5214077 5214349 5211473 5214249 5214199 5214215 5214177 5214167 5214067 5210617 5210709 5211687 5211777 5211827 5211939 5210615 5211703 5211679 5211657 5214923 5212021 5214601 5214385 5211621 5211517 5211593 5213289 5213315 5212909 5211655 5211929 5214787 5215379 5211811 5214551 5214053 5214031 5214019 5213981 5214009 5214093 5212133 5211725 5211699 5214235 5214217 5210797 5211525 5211983 5212131 5211533 5216381 5216417 5213603 5216371 5212001 5210647 5213351 5210665 5210723 5210733 5214155 5214201 5214165 5214333 5212837 5214003 5211979 5210625 5210739 5216435 5216429 5212963 5216413 5217095 5210697 5210695 5213957 5213971 5213927 5211949 5217163 5217243 5210757 5210775 5210791 5211903 5211995 5212811 5211999 5211997 5210783 5216377 5212971 5217099 5217101 5213979 5214029 5216445 5211355 5212101 5211493 5211497 5211387 5215361 5211901 5211543 5214663 5215617 5214603 5211927 5211685 5213821 5211969 5214563 5214537 5211867 5211529 5211599 5211597 5213601 5210955 5211837 5211863 5214899 5210509 5210511 5216397 5217089 5213087 5212969 5210795 5214567 5213265 5210735 5216367 5210423 5214875 5214823 5211921 5210621 5210661 5210623 5210673 5213363 5214545 5210435 5210763 5210527 5210499 5217093 5216443 5213397 5210751 5213071 5212587 5213367 5213369 5214667 5216527 5213375 5213199 5213187 5213177 5213167 5213147 5214423 5213357 5212961 5212921 5216363 5213349 5213407 5216359 5210443 5210945 5213327 5210871 5215447 5214723 5213247 5210557 5210563 5210531 5210567 5212643 5212675 5213337 5210669 5211501 5210549 5213055 5214621 5214617 5210413 5210963 5210965 5210633 5210969 5210971 5213385 5216353 5212717 5210689 5210525 5216373 5210535 5212913 5212895 5213893 5212605 5217039 5217037 5217029 5213597 5213155 5210469 5213309 5210539 5212649 5213181 5213175 5212975 5217031 5217035 5212589 5210459 5210485 5210957 5210543 5210477 5214817 5210465 5213141 5217023 5216935 5213217 5213191 5213189 5214387 5214313 5215349 5210455 5210579 5213895 5213231 5216451 5217139 5216897 5213285 5210451 5210475 5213343 5216603 5216529 5216489 5213841 5210457 5210439 5216385 5216389 5210555 5213339 5214789 5214739 5210409 5212741 5213847 5213937 5214011 5214147 5214175 5210845 5215215 5210493 5210771 5210789 5210561 5210425 5214937 5215207 5215163 5210607 5213389 5210873 5210869 5212003 5214989 5215731 5214061 5214033 5213879 5213865 5213857 5213353 5210587 5213907 5212031 5215119 5214987 5210517 5213135 5213129 5213033 5214915 5212757 5216999 5212939 5212925 5210865 5212645 5212661 5212673 5212693 5212699 5213111 5214691 5213109 5213091 5212785 5212651 5213439 5212751 5212731 5213463 5213471 5213083 5213019 5213449 5212763 5217007 5217013 5213593 5212977 5212719 5212739 5212721 5212979 5213011 5212793 5213419 5212783 5212777 5212805 5213107 5213113 5213075 5213027 5213001 5213445 5213043 5213421 5213003 5213005 5217011 5213595 5212817 5212767 5212867 5212691 5212749 5213051 5213041 5213015 5216971 5213063 5212831 5212851 5212899 5212733 5212681 5212737 5212989 5212993 5212869 5212665 5213201 5213211 5213151 25247626 5215045 5216711 5212713 5213205 5216703 5216705 5216739 5216719 5216623 5216515 5216683 5213443 5212877 5212879 5213185 5216507 5215293 5213431 5212841 5212779 5213173 5216455 5216453 5216517 5216519 5216637 5216545 5213429 5217149 5210891 5212689 5217103 5216477 5218013 5217719 5215131 5214575 5212933 5212907 5212633 5212613 5212917 5212923 5212945 5212815 5213065 5215155 5216509 5216511 5216563 5216631 5212621 5212819 5212845 5212955 5213017 5212827 5213053 5216559 5216475 5216567 5216611 5212857 5212839 5213425 5216947 5213127 5213591 5212729 5216561 5217245 5217675 5212835 5212927 5212859 5212609 5214877 5216467 5215173 5215195 5210863 5212577 5212791 5213081 5213457 5212585 5212607 5212663 5212677 5213301 5213099 5212745 5213021 5215123 5215105 5215047 5216987 5210837 5216881 5211783 5211813 5211663 5216939 5217145 5213405 5216673 5216869 5217117 5216651 5216941 5216957 5216953 5216955 5217253 5216867 5216459 5216571 5217047 5216821 5216793 5214521 5217211 5217125 5216597 5217049 5217043 5217057 5216949 5216979 5216963 5217147 5216645 5216875 5216685 5217123 5214417 5217059 5217069 5216901 5216871 5216873 5216887 5216883 5216961 5216779 5216891 5216927 5216419 5216721 5216877 5216865 5216893 3488271 3486679 5216915 5216403 5217137 5214445 5216819 3486681 3488317 5216863 5211859 5216859 5216535 5216447 5217185 5217107 5216895 5216917 5216531 3486639 5216805 5216787 3486675 5216765 5216835 5216649 5216809 5217109 5213145 5216829 5211311 5211307 5214369 5210427 5210495 5213607 5213137 5213119 5213125 5213453 5216861 5216799 5212063 5216857 5216889 5213331 5213321 5213605 5213279 5213251 5216909 5215211 5216839 5212983 5212591 5212611 5212631 5213589 3486329 3488253 3488189 3486273 3486805 3484053 3482923 3486575 3483003 3483101 3483023 3486389 5216727 5216609 3488257 5216607 5216617 5216605 5216587 5216583 5216585 5217251 3485473 3483685 3487409 3485369 3487361 3485175 3485079 3483773 3485425 3485211 3485239 3482841 3483005 3487559 3486715 3482831 3485917 3484837 3486151 3485103 3484981 3486217 3485029 3485687 3484415 3484211 3483913 3483921 3484071 3483689 3487201 3484443 3483869 3483817 3488009 3485087 3483923 3483829 3484815 3487337 3487271 3488821 3483931 3487867 3485789 3489389 3489463 3487457 3487905 3488699 3488923 3487417 3488927 3489477 3489409 3489407 3489415 3487391 3488509 3489469 3488889 3488977 3489483 3488961 3487719 3488863 3488943 3488939 3488845 3488903 3489449 3489075 3489069 3489487 3489481 3489549 3488913 3489029 3489151 3489169 3489079 3489109 3489131 3489485 3489547 3489393 3489431 3489425 3487865 3489261 3489099 3488981 3488931 3488899 3488861 3488875 3489471 3489307 3489291 3487347 3489325 3483669 3489275 3489243 3487967 3489501 3488549 3488635 3488675 3488551 3489319 3485925 3488619 3488557 3488963 3488881 3485243 3487303 3489441 3487965 3485457 3487887 3489429 3488779 3488787 3488729 3489237 3487961 3489347 3484423 3487825 3488837 3488871 3488817 3488859 3488893 3489541 3488745 3488727 3488799 3488825 3486071 3489369 3488851 3489171 3489175 3487553 3487941 3484351 3483073 3487413 3488673 3488735 3489423 3489203 3487699 3487605 3487403 3487381 3489531 3488867 3488883 3488217 3483065 3488935 3488955 3488995 3489019 3489161 3489129 3484301 3487513 3488707 3488783 3489309 3487647 3487649 3487671 3487681 3488643 3487685 3487577 3487545 3487531 3487465 3487363 3487375 3487425 3488723 3483715 3486307 3483815 3487385 3487993 3487407 3487405 3487433 3487399 3487501 3486083 3489365 3487627 3487583 3487515 3489201 3488801 3488681 3488829 3487453 3487395 3487389 3487429 3487477 3487491 3488771 3488765 3488777 3488793 3488797 3488631 3488629 3487989 3483771 3487483 3487431 3487421 3487565 3487597 3487635 3487695 3487575 3488705 3489277 3488737 3488637 3484441 3487527 3487511 3487739 3489335 3488815 3488537 3488495 3489329 3486751 3488865 3488843 3489273 3484437 3488751 3487473 3489213 3487537 3487841 3487763 3489279 3489199 3489193 3489145 3489113 3489087 3488709 3487595 3487517 3488973 3487495 3489297 3489267 3487043 3488651 3489125 3487581 3487733 3488001 3487761 3487773 3487975 3487803 3487443 3487411 3489119 3489163 3489107 3489227 3487945 3487367 3487335 3487563 3489355 3489397 3487801 3487777 3487757 3487779 3487855 3489299 3488571 3488595 3487755 3487669 3487387 3489539 3489559 3489555 3488583 3488605 3488609 3485901 3486791 3487923 3489331 3489305 3488591 3489417 3489373 3489295 3487639 3487591 3487557 3487749 3487743 3485963 3487551 3489123 3489105 3487879 3487903 3487831 3487787 3487775 3487769 3487339 3484265 3483605 3487587 3487459 3489249 3489101 3489157 3488007 3489233 3489225 3489533 3483641 3483575 3483573 3483569 3482149 3487917 3488003 3487555 3484345 3484299 3483581 3487881 3487837 3487807 3487343 3483607 3484497 3483623 3483737 3483751 3487875 3487821 3487485 3487767 3487549 3484315 3484313 3484215 3484217 3484251 3483745 3483731 3487615 3487711 3487745 3487783 3487691 3488617 3488659 3483727 3483693 3483741 3483733 3484213 3487795 3487809 3487643 3487579 3488775 3488807 3488813 3488529 3489661 3484223 3484337 3484335 3484407 3483791 3483807 3488741 3488885 3488827 3487971 3487897 3487889 3487353 3483823 3483881 3483895 3484439 3484435 3484433 3484279 3484281 3488905 3489625 3488757 3487915 3487929 3487939 3487349 3489025 3489021 3489049 3489479 3489455 3489473 3487973 3487893 3487873 3487507 3489399 3489349 3489341 3489265 3489255 3489231 3489403 3488665 3489037 3488925 3488949 3488969 3488983 3489517 3489515 3487771 3484009 3487283 3484041 3484417 3483777 3483761 3483755 3483679 3484403 3485795 3485823 3484029 3483985 3483969 3483847 3483859 3483853 3487297 3485759 3485749 3485765 3483757 3484023 3483951 3487181 3487315 3483735 3483713 3483709 3484413 3483603 3483643 3483617 3485735 3487317 3487319 3485525 3484135 3484115 3485873 3485875 3485879 3484411 3484131 3484171 3483785 3483779 3483719 3483697 3483705 3483595 3483995 3484997 3483929 3487333 3484147 3485915 3485957 3485929 3485931 3487285 3487313 3487305 3484047 3487991 3487331 3483961 3483957 3483681 3484471 3484057 3483687 3483625 3483621 3483591 3484401 3482151 3484359 3487309 3483917 3485683 3484405 3486961 3482957 3482895 3486117 3486129 3482867 3487325 3483667 3484063 3482865 3482837 3482869 3482881 3482897 3482939 3482945 3487287 3485631 3483691 3485287 3484075 3482929 3485989 3486025 3486297 3486287 3482975 3482983 3487279 3483971 3483831 3486743 3484069 3483011 3483025 3483027 3485973 3485913 3485855 3485923 3483993 3483981 3483963 3483941 3483979 3483945 3484121 3485475 3487045 3485695 3484701 3484777 3484793 3484761 3483925 3484101 3484077 3484081 3483919 3483947 3484005 3484133 3484775 3482919 3482917 3485681 3485415 3485279 3484043 3484465 3484463 3484011 3483803 3483799 3483861 3483863 3483827 3483833 3485205 3485187 3486803 3483885 3483855 3485487 3486741 3484035 3487373 3487351 3487355 3486139 3484113 3483639 3484361 3485557 3485559 3483901 3484445 3487547 3487791 3487907 3487925 3487931 3487927 3487943 3488685 3483663 3488687 3488671 3487427 3485991 3487383 3483821 3486171 3486303 3486281 3484917 3484911 3485001 3485041 3485113 3485171 3486179 3484193 3483197 3482833 3486261 3486229 3483017 3483007 3486349 3484287 3484255 3484267 3484295 3484325 3484771 3487255 3485149 3482809 3485397 3485177 3485143 3486209 3486197 3486093 3486295 3485345 3485351 3487243 3487251 3487259 3487239 3487241 3487257 3487253 3487263 3484089 3485517 3484271 3485031 3485043 3485089 3485035 3484869 3485217 3485163 3482803 3482801 3482817 3484105 3484103 3485481 3484247 3486047 3487289 3487281 3487277 3487267 3487247 3487223 3485223 3486147 3483127 3485389 3484339 3486205 3485459 3485551 3484183 3484161 3487215 3487199 3487197 3486363 3484833 3484861 3486821 3486213 3482813 3485355 3484305 3483163 3484705 3486203 3486019 3487191 3485555 3485337 3484293 3484139 3485505 3485509 3485569 3485579 3485575 3485597 3484355 3484125 3484733 3485675 3486783 3485797 3485839 3485523 3482885 3484197 3484769 3484897 3482873 3484073 3486711 3484965 3484891 3484887 3484823 3486781 3482845 3482863 3482839 3484181 3486747 3487039 3485763 3484787 3484801 3484779 3484827 3484901 3484927 3482799 3485311 3485241 3484129 3485755 3485779 3485785 3485373 3485327 3486245 3482879 3484123 3484935 3486369 3486773 3485515 3484977 3484989 3484925 3484885 3484855 3484839 3485411 3485111 3482901 3484987 3485047 3485689 3485745 3485743 3485769 3484429 3484427 3484421 3485363 3486351 3485265 3486257 3483915 3484459 3484461 3484045 3484469 3484237 3484233 3484191 3484187 3484167 3484141 3483585 3486089 3485999 3488233 3485495 3482961 3488255 3488203 3488177 3488413 3485953 3485951 3485437 3485491 3483015 3482963 3485429 3485635 3484811 3486605 3485773 3485767 3486761 3486763 3485977 3486417 3485609 3483077 3482991 3486535 3486565 3486419 3485541 3485379 3488219 3488245 3483075 3486649 3486453 3486597 3486357 3485705 3485703 3485707 3485669 3485593 3485889 3485391 3485331 3485595 3483033 3486415 3486551 3486621 3486673 3486671 3486037 3486039 3485935 3485315 3485317 3484781 3486809 3486495 3485645 3485529 3486097 3486169 3486159 3485607 3486549 3486611 3486497 3485289 3485431 3484877 3485527 3483071 3486807 3488261 3488277 3484865 3484711 3485539 3486123 3486207 3486143 3486251 3488275 3485445 3483069 3486291 3486021 3486395 3486269 3486131 3486953 3486003 3485451 3486277 3486237 3486087 3486057 3486949 3486283 3486301 3486327 3486323 3486313 3485065 3485465 3486223 3486737 3486165 3485801 3486749 3488267 3485849 3486787 3486789 3486695 3485115 3485237 3486155 3486201 3488265 3488711 3486645 3486403 3486435 3486267 3484905 3486975 3486399 3485737 3485601 3485627 3485599 3484939 3485489 3485511 3485565 3485621 3486243 3486757 3486759 3486157 3485503 3488289 3486305 3482893 3485981 3486333 3486635 3486669 3485293 3486137 3485169 3485213 3485307 3485255 3485235 3486271 3486247 3485895 3486687 3488247 3484309 3484547 3484333 3485887 3485371 3485757 3486103 3485137 3485203 3485259 3485321 3485281 3485751 3485297 3485269 3485251 3486599 3486647 3486227 3483061 3483031 3482907 3484963 3484999 3486713 3485285 3485469 3485441 3485059 3485071 3486717 3482971 3488221 3485013 3484957 3486705 3484899 3485005 3486215 3486195 3485439 3485133 3485343 3482909 3486279 3482969 3482931 3484819 3484765 3488215 3486613 3486657 3485147 3485367 3486725 3486563 3484763 3482911 3482829 3482853 3486249 3486225 3485183 3486577 3485119 3486067 3486091 3483067 3482889 3482949 3486593 3486509 3486553 3485419 3488211 3485101 3486561 3483057 3483107 3483105 3482903 3482905 3488683 3482937 3485153 3488191 3488223 3485077 3485107 3486723 3486559 3485261 3486981 3486031 3486111 3484739 3485219 3485231 3485201 3485319 3486631 3488251 3489513 3487041 3488919 1916768 3488377 3485189 3485159 3485227 3486311 3485193 3487023 3483039 3482835 3487275 3485105 3485033 3486667 3486331 5230848 3486643 3488175 3486659 3486471 3486505 3487047 3486379 5230812 3486663 3485037 3486407 3485257 3485291 3488239 3485197 5230926 3487185 3483653 3485009 3485007 3488243 3485123 3486239 3483645 3483811 3485851 3485843 3485841 3485867 3485827 3486545 3485341 3486619 3486637 3485127 3485825 3485911 3484789 3484791 3485325 3485069 3485173 3487071 3484873 3484851 3486007 3485993 3486181 5232370 3482807 3488329 5232308 3482797 3484953 5230788 5231720 5231806 3488393 3488343 3483131 3488911 3488291 5233044 3488415 3488327 3488953 3488299 3488325 3488321 5231542 3488323 3488909 5231234 3488295 3488297 3487065 3488339 3483187 3483143 5231522 3494783 3488333 3488293 3488533 5230996 3488331 5231618 3489615 3486343 3486429 3486317 3485485 3482179 3485449 3485427 3485605 3485591 3486735 3486731 3486729 3486727 3486531 3486321 3486309 3486421 3486477 5232404 5231026 5231158 5230814 5232326 5231070 5233208 5232510 5231066 5231292 5232748 5232084 5232018 5231930 5231900 5231870 5231752 5232662 5232664 5232724 5233164 5233166 5231790 5231810 5231880 5231772 5232680 5232678 5233196 5233174 5232628 5232614 5232620 5231848 5232638 5232516 5232556 5232576 5232570 5232548 5232540 5232542 5233202 5232500 5232438 5233122 5232428 5232274 5232272 5232478 5232368 5231828 5233036 3482791 3482789 5231010 5231950 5231400 5231532 5231524 5231744 5230980 5230932 5230940 5230810 5232052 5232118 5232142 5231384 5231106 5231520 5231052 5230834 5232196 5231304 5231666 5232212 5232106 5232074 5232008 5231874 5231728 5232234 5231706 5231684 5231132 5231928 5231840 5231826 5231114 5231710 5232898 5231796 5231906 5231944 5232042 5232172 5231746 5231504 5231462 5231290 5231288 5232060 5232560 5232338 5231188 5231214 5233082 5231570 5231548 5231954 5232666 5232192 5232282 5232230 5232258 5232642 5232670 5232738 5233162 5233160 5232214 5231578 5232600 5232268 5232380 5231516 5233052 5231242 5232316 5232454 5232390 5232822 5232618 5232468 5232218 5231468 5232436 5232400 5232354 5232352 5232294 5232284 5233002 5232300 5231206 5231174 5232514 5232566 5232386 5232402 5232460 5232522 5232190 5232098 5231608 5231630 5231146 5232154 5232036 5232934 5231992 5231912 5231844 5231774 5231908 5232122 5233212 5231652 5231128 5231788 5231690 5231628 5232874 5232596 5232630 5232632 5231664 5233222 5232162 5231998 5231112 5231644 5231654 5233064 5231324 5232920 5233090 5232246 5231546 5231142 5231032 5230992 5232924 5232922 5232936 5230776 5232066 5231910 5232266 5231022 5232416 5232318 5232064 5232528 5233016 5230872 5230796 5230786 5232090 5233146 5232280 5232546 5232358 5232672 5233156 5233158 5230800 5230846 5230842 5232634 5232694 5230782 5230778 5233152 5233150 5232776 5232788 5232794 5230794 5230830 5232612 5230982 5232602 5232440 5232710 5233182 5231736 5231708 5231050 5231012 5232134 5232144 5232904 5233030 5233038 5233048 5233126 5230860 5230986 5233006 5232508 5232610 5232490 5233004 5231100 5231306 5231302 5230820 5230808 5231604 5233218 5232774 5233028 5233012 5233034 5233042 5233032 5232488 5232538 5231300 5230964 5230906 5230870 5230804 5232830 5232786 5232420 5232476 5232364 5232344 5232296 5232298 5233050 5232894 5232900 5232216 5232984 5232998 5232974 5232958 5232252 5233116 5232860 5232750 5232704 5232184 5232880 5230960 5231490 5231222 5231200 5231218 5231166 5231138 5232782 5232646 5230922 5231296 5232530 5231328 5231104 5231086 5231062 5231510 5231182 5233210 5233214 5232942 5230850 5231024 5230988 5230968 5230956 5230936 5230928 5231196 5232940 5232944 5233046 5232836 5232824 5232976 5231700 5230942 5230976 5231240 5231136 5231110 5233000 5232862 5232766 5232784 5232994 5232470 5232406 5232446 5231682 5232604 5231076 5231084 5231054 5231044 5231036 5231122 5230822 5232492 5231624 5231668 5232842 5231030 5230984 5230958 5232398 5232552 5232608 5231766 5231814 5231896 5233026 5232908 5232320 5232668 5233188 5232814 5232762 5231968 5233138 5232660 5230866 5231966 5231878 5231832 5231768 5231754 5232676 5231266 5231248 5232012 5232032 5232616 5233186 5232756 5232816 5233180 5232640 5233178 5231784 5231512 5231800 5231742 5231658 5231656 5231866 5232236 5231776 5233086 5232820 5232882 5231514 5231850 5232884 5232870 5232858 5231770 5232110 5232082 5231914 5231718 5231714 5231696 5232888 5232840 5232876 5232896 5233204 5232526 5232238 5232496 5232458 5232330 5233072 5233074 5231640 5231660 5232204 5232228 5232178 5232026 5231670 5231688 5231692 5232376 5232332 5232306 5232022 5232176 5231936 5231938 5232080 5232148 5232136 5231314 5231886 5231872 5231932 5232002 5232058 5231562 5231554 5231594 5233066 5231526 5231960 5232170 5232186 5231550 5231236 5231854 5232174 5232222 5231642 5233088 5232020 5231916 5231804 5231962 5231974 5232050 5231822 5231958 5231538 5231566 5231568 5231852 5231262 5231884 5232812 5230772 5233100 5230774 5232310 5231580 5231316 5231818 5231780 5232220 5231602 5233096 5232078 5231924 5231068 5231060 5231004 5231232 5232206 5232452 5230970 5230938 5230912 5230892 5230898 5232868 5232340 5231808 5232906 5232856 5232832 5232802 5232852 5230924 5230890 5230878 5230854 5230868 5230900 5230888 5230826 5230816 5230880 with 1 link
44 most connected regions:
5216469 5216483 5211727 5215069 5211397 5211575 5214651 5213271 5211705 5214325 5214351 5218119 5217927 5217893 5218097 5215513 5214633 5217971 5212121 5215059 5214255 3486447 3486481 5213521 3485015 3485155 3484199 3483905 3489041 3484145 3489035 3487663 3489023 3487851 3489191 3488987 3488593 3488587 3488065 3487063 3488835 5232126 5232966 3488569 with 4 links
