Neighbour list object:
Number of regions: 6653 
Number of nonzero links: 13200 
Percentage nonzero weights: 0.02982215 
Average number of links: 1.984067 
21 regions with no links:
6934188 6934752 6934362 19292382 19293090 19292834 19292582 19292678 19293360 19293358 19292616 19293516 19292418 19292400 19292598 436118 434100 434390 908359 885483 908887
Link number distribution:

   0    1    2    3    4 
  21 2647 1436 2515   34 
2647 least connected regions:
6933934 6936150 6936082 6934060 6935412 6933734 6933728 6934866 6934128 6933740 6933726 6933732 6935946 6935394 6935250 6934426 6935148 6933888 6933902 6935278 6935490 6936056 6935370 6934424 6934330 6933780 6933778 6933786 6933968 6935150 6934192 6934386 6934464 6933772 6934558 6935020 6935054 6934052 6935580 6934028 6934006 6933838 6933836 6933850 6933868 6935686 6934246 6933756 6934036 6933874 6934388 6934184 6935046 6934432 6934390 6934226 6933866 6933970 6933900 6935526 6934018 6935544 6934482 6934194 6934696 6934236 6934522 6936048 6935396 6934156 6934150 6933906 6934072 6933914 6933916 6934288 6934290 6934066 6936078 6935578 6933922 6933920 6933918 6934058 6934068 6934090 6934100 6934004 6933994 6934208 6935528 6936066 6935658 6935608 6934702 6935542 6935404 6934320 6934396 6934382 6934576 6934086 6934094 6935974 6934762 6934324 6935152 6935094 6934214 6935568 6933854 6936140 6934530 6935120 6934908 6934350 6934976 6935200 6934796 6934480 6935320 6934884 6935614 6934658 6935326 6935368 6935306 6935628 6934592 6934278 6935654 6935244 6935234 6935180 6935106 6935172 6935208 6934240 6933758 6934164 6935226 6934622 6935166 6933856 6935084 6934680 6934708 6934490 6934864 6934014 6935782 6934118 6935286 6934686 6934552 6935196 6934512 6934022 6933948 6934292 6934264 6934666 6935444 6934104 6934664 6935266 6935562 6933886 6934334 6935302 6935100 6935096 6934078 6934588 6934116 6934160 6935540 6935418 6935376 6935350 6934038 6934070 6933974 6934704 6934270 6936040 6935382 6935434 6935906 6934148 6935780 6934034 6934492 6936060 6933962 6934518 6935482 6936136 6934718 6934578 6936052 6934392 6934532 6935206 6934964 6935052 6935082 6934988 6934928 6934694 6934860 6935600 6934212 6935472 6936044 6934772 6935308 6935086 6934926 6935784 6935000 6934384 6934476 6934044 6934280 6934946 6934584 6934654 6934642 6935198 6935108 6934758 6934936 6936134 6936110 6936146 6934716 6935440 6935268 6934766 6935426 6935448 6934962 6936144 6935512 6934768 6935696 6935406 19292438 19292038 6934496 6934676 6934992 6935634 6936122 6934656 6934404 6934216 19293582 6934944 6934942 6935632 6934230 6935168 6934380 6936104 6936130 6934484 6934438 6934728 6934638 6934834 6933882 6934880 6936108 6934738 6934452 6935228 6935656 6936002 19293576 6935116 6935188 6934322 6934760 6934336 6935160 6935374 6935942 19293386 19293378 19293566 6935420 6935090 6935122 6935280 6935934 6934706 6935480 6935316 6934462 6936124 6934828 19291998 6935940 6936074 6935424 6935460 6934488 6935058 6934838 19293230 6935910 6935438 6935422 6935476 6935336 6935450 6935212 6934904 6934302 6934318 6935174 6934196 6935668 6933890 6934454 6935462 6934376 6936138 6934328 6935328 6934886 6935068 6935284 6935140 6934332 6934316 6934444 6934744 6935274 6935292 6935026 6934902 6935132 6934152 6933912 6935604 6934626 6934296 6934470 6934804 6934524 6934950 6935158 6933924 6935416 6934616 6935110 6935012 6934422 6934534 6934466 6934472 6934298 6934474 6934486 6935922 6935990 6934310 6933806 19293088 19292936 6935862 6933852 6933908 6935856 6933958 6934112 6935926 6935976 6935986 19292096 6935890 6935962 6933792 6933834 6935988 6933880 19293082 19292758 6935858 19292454 19292414 6935948 6933818 6935588 19292876 6934824 6935878 19291918 19292186 19293354 19292066 19292208 19292082 19292446 19292464 19292476 6933816 6935852 6935892 19292594 19292664 19292118 19292764 19292270 19292120 19293040 6935844 19292202 19292028 19292600 19292206 19292628 19292682 19293340 19292192 6935850 6934260 6934252 19293046 19292722 19292728 19292790 6935842 19293060 19293066 19292686 19292638 19292022 19292198 6935998 19292618 19293248 6934998 6934594 6934254 6934146 6935534 6934096 6935430 6935506 6935428 6934218 6936112 6935514 6935130 6934780 6935936 6934692 6934076 6934126 6934442 19291962 19291972 19292070 19292132 19292506 19292848 435658 19292174 19292290 19292948 19292584 19291996 19292498 19292592 19292502 19292060 19291968 19292866 19292718 19292394 19293346 19292614 19292274 19292514 19293406 19291798 19292852 19293376 19292496 19292898 19292970 19293068 19292510 19292468 19292278 19292466 19292078 19292014 19292942 19292796 19292282 19292034 19292902 19292732 433858 19292960 19293020 19292406 19292710 19292138 19293410 19292124 19292636 19292642 19292310 19291982 19291990 19293372 19293342 19292126 19292676 19292140 19293062 19292432 19292424 19292486 19292312 19292210 19292020 19292532 19292320 19292756 434854 19292840 19292142 19292172 19292272 435708 19292276 19292196 19291938 19292180 19292888 19292182 19293080 19292144 19292634 19293474 19292920 19292012 19292002 19293168 19292748 19292152 19293072 19292302 19292882 19293042 19292522 19292442 19291952 19293010 19292364 19292158 19293180 19292478 19292490 19292520 19292610 19292458 19292410 19292456 19292390 19293104 19292632 19292658 19291994 19292018 19292792 19292770 19292392 19292332 19293006 19292572 19292396 19292704 19292482 19292474 19292352 6935982 19292868 19293110 19293114 19292072 19293064 6935916 19292570 19291916 19291944 19292654 19292494 19292818 435062 434712 19292980 19293504 19293490 19292782 19293570 19293528 19293552 19293556 19292978 19293478 19293554 19292846 435124 19293370 19293560 19293050 19292884 19293070 435554 19292188 19291802 19293562 19293548 19293534 19293074 19292750 19292696 19292648 19293578 19293380 19293390 19293486 19293524 19292918 19292650 19291800 19293096 19293502 19293520 19293048 19293394 19293384 19293540 433810 19292806 19293374 437212 19293546 19292828 19292626 19292786 19293044 437042 19293078 19293508 19293252 19292760 19293028 437024 436990 19293484 19292092 19292702 19292874 19292720 19292788 19292314 19292984 19292590 19292962 19292526 19292508 19292990 19293468 19292666 19292472 19291920 19293366 19292470 19292986 19292088 19292612 19292608 19292880 435446 19293076 19292896 19291914 19291928 19293558 437018 436794 437102 436650 437506 436858 434148 437188 435568 434982 437210 437130 436706 435218 434466 435320 435416 435542 435046 436758 434734 436798 435102 434874 435614 437522 19292548 19292576 434992 19292604 19292534 437312 434034 434452 435822 433818 433994 436704 435888 437578 437300 434064 435266 435990 436576 433990 434240 436432 437560 434592 437550 435110 434266 433812 436682 435054 435300 433736 434660 436642 437126 436342 434938 436826 436782 434014 433996 433992 435360 435324 435552 435478 436240 435376 435352 435294 435252 435256 436366 434008 434022 434018 433730 436278 435590 435540 435304 435164 435112 435104 434948 434974 435224 435080 435226 436398 436462 434006 437444 437388 435130 435138 435278 435316 435366 436534 436616 433746 436612 434096 436750 436628 436372 437096 437502 435056 435826 434060 437574 435134 434996 436454 434214 436364 437432 437386 435422 437478 435526 435538 436964 436330 437422 435058 434818 437576 436558 436592 436674 435496 435700 433820 433770 433796 437476 435002 435350 435064 433800 433804 437334 436194 437268 436316 435810 434436 434500 436386 436352 434964 434114 434090 436154 434056 437394 437374 436530 435026 435654 436506 435472 435528 435548 435556 435564 435482 437482 435646 434494 435086 437566 436884 435550 433768 437460 437456 437448 434970 434384 434610 434546 434980 436518 436212 437528 437562 433844 434044 436236 435450 437442 436060 434400 435606 436430 436190 435546 435400 436948 435534 434524 436596 434966 437534 433764 433752 433718 435788 434102 434042 434562 437540 436214 436238 436018 437264 436026 436126 435402 436040 434422 437520 437554 436464 436500 436030 436028 435412 435632 434770 434724 436050 435116 435656 435840 436198 436138 434888 434852 434726 434674 436480 434070 436472 436300 436268 435968 436140 436114 434882 436032 435994 435984 435514 436756 436726 436638 435284 436172 435812 434048 433754 435558 437408 435562 437548 435362 433720 435898 437564 437536 437450 437458 437474 435544 436424 435100 434352 437530 434320 437580 435066 437112 436248 436974 435598 436928 436662 436872 435816 436416 436606 436622 434522 434570 434582 436956 435932 436296 436078 436866 436602 436728 436676 436490 436940 436378 435072 434638 434650 434594 434612 437014 436282 436658 436686 434586 434472 433766 433806 436912 436680 437046 435332 436474 435814 436488 434348 437192 437178 437146 437136 435384 437066 437092 436184 437080 437078 436864 436396 436910 437142 437254 436524 436754 437034 436780 436810 435832 437298 435806 436514 437026 436784 436714 436556 436860 436880 436916 435458 434074 434136 436994 436668 436340 436466 437098 435858 435910 434082 437082 437302 437070 437304 437036 436926 437138 436162 437222 436818 436264 436672 435916 436096 435964 436494 437202 437058 436554 435854 436404 436310 435792 436886 437320 437194 437104 437168 434118 437050 437010 437404 435576 437160 437176 436828 436414 436412 436006 437454 434382 434406 434456 434484 434492 434448 436942 436972 437030 437156 437170 437174 436254 437204 436760 436526 436446 434446 434432 166811789 435876 435848 437106 437116 437110 437154 437044 436664 435824 436834 436574 433756 433760 434416 434414 435852 435914 437206 436062 437226 436328 436934 436000 436516 434504 437390 435420 435424 436428 436104 436016 436654 435444 436552 436620 437412 437434 436824 436830 436796 435808 437472 436054 436034 436088 435288 435222 435220 436836 436848 436914 436660 436604 435144 435022 434696 436698 436814 435106 434552 434630 434372 434254 434264 434972 435028 435688 434564 434614 435230 435208 435076 435014 435132 435672 434286 434748 434722 435096 435140 435998 434708 434916 434404 434908 434246 434234 435196 435210 435234 434668 434462 434682 434824 434876 435034 434718 435290 435240 435264 435314 436146 436070 434632 434756 435874 434764 435864 437396 434232 435706 434228 434236 435176 435192 435182 434702 434554 434578 434574 435844 434260 435312 435368 435394 434988 434628 434560 434510 434798 435624 435626 434828 437228 434566 434870 435434 435354 436200 436046 437452 437428 434288 434268 434282 434482 434868 434322 434306 434308 434318 435348 435342 434442 434834 435664 434324 436218 434694 434822 434368 435680 434606 434814 434940 437572 435978 434796 434802 435638 434978 434944 436094 435644 434952 434894 435640 434738 434356 435184 435036 434344 1087637 434310 435126 435146 435018 435674 435670 434880 436266 436354 435150 435172 435228 435636 434840 434800 434470 434430 436492 437278 436510 436504 434098 435142 434772 434758 434378 434366 435870 436374 436286 436336 434300 434872 436452 436484 436578 436666 434276 1089563 1087465 1086945 1088803 1088729 1089371 1087315 1088445 1088911 1087179 1086515 1086253 1088119 1087001 1088805 1088183 1088265 1088399 434518 435610 434544 1087611 434450 433798 1088891 433792 433786 434528 434600 434618 434654 434666 434700 1087707 1086635 1086987 1088699 1087273 1087749 1087093 1086975 1088675 1086733 1089025 1086245 1089079 1088907 1088973 1087881 1088909 1087831 1087893 1089033 1088367 1087527 1088759 1087709 1087635 1087817 1087759 1088949 1088947 1088363 1088251 1089003 1088943 1088941 1087649 1087657 1087711 1087747 1088455 1087279 1088785 1088277 1089035 1089037 1089039 1088169 1087731 1087717 1087691 1087695 1088913 1087877 1089557 1086865 1087351 1086811 1088005 1087847 1088199 1087971 1087079 1088423 1087853 1087091 1087049 1088899 1087011 1088677 1086895 1086845 1088595 1087223 1088415 1088615 1088331 1088405 1086977 1086829 1088575 1088665 1087745 1088327 1088917 1088293 1088259 1088589 1088935 1088225 1088379 1088651 1088093 1087837 1087771 1088069 1089015 1089023 1088189 1088653 1088781 1088773 1087987 1088495 1087823 1088609 1087869 1087885 1087531 1087047 1088373 1088275 1086641 1088749 1087793 1087539 1087685 1088509 1087913 1088939 1088845 1089347 1088181 1088133 1088235 1088693 1088381 1088625 1089019 1087541 1087483 1088611 1088557 1087919 1088421 1088525 1087915 1087873 1088519 1088077 1088315 1088207 1088125 1086937 1086737 1086767 1088139 1088157 1087937 1088129 1087369 1087445 1088817 1086819 1086821 1087175 1087301 1087441 1088141 1088191 1087335 1088801 1086867 1087861 1088745 1088631 1087597 1088503 1088647 1089379 1089561 1089375 1086265 1087895 1088683 1088791 1087415 1087571 1088323 1089349 1089081 1088703 1087757 1088291 1087487 1087493 1088147 1088209 1087543 1087951 1088751 1087993 1086983 1086999 1088369 1088017 1088015 1087283 1087983 1088905 1087185 1088407 1088459 1088537 1088783 1087969 1087407 1087989 1087855 1088659 1088737 1088769 1088489 1088439 1086579 1087811 1088305 1087063 1087381 1089001 1087243 1088965 1088835 1089381 1089377 1089365 1089009 1088959 1089077 1088027 1088051 1087935 1088873 1088243 1088007 1088047 1087957 1087959 1087945 1088961 1088691 1087975 1088087 1088833 1088797 1088681 1089341 1088339 1088335 1088281 1088095 1088153 1088837 1088813 1088221 1088151 1088185 1088581 1088563 1088753 1087785 1087815 1088311 1088585 1088633 1088567 1088617 1088285 1088255 1088565 1088551 1088667 1088233 1088721 1087907 1088413 1088149 1088725 1088793 1088469 1088599 1088707 1088723 1087601 1089373 1087963 1089013 1088447 1089071 1089355 1089363 1089361 1088831 1088269 1088349 1088387 1089047 1088685 1088953 1088955 1086383 1088473 1088505 1088383 1088765 1088501 1088453 1088287 1087569 1089073 1088009 1086471 1086395 1086923 1086815 1086565 1088167 1088945 1086807 1086763 1086817 1086951 1086833 1086669 1086675 1088657 1088457 1088995 1086467 1086369 1086327 1087661 1086385 1086381 1086355 1086769 1089083 1088767 1088789 1088897 1088901 1087187 1088713 1086613 1086645 1086747 1086725 1086705 1086703 1088821 1088823 1089351 1087511 1087299 1086379 1086373 1086397 1086433 1086437 1088583 1087699 1088963 1088179 1088377 1088353 1086915 1086443 1087169 1086755 1086783 1088887 1086879 1086861 1088967 1088969 1087567 1088493 1088671 1088731 1086885 1087263 1087235 1087743 1088463 1087819 1088135 1088067 1087389 1087405 1088761 1087765 1087767 1086993 1087857 1088433 1086997 1086871 1086827 1086947 1086953 1087605 1087027 1087245 1088531 1088639 1088643 1088673 1089367 1088045 1086507 1086525 1087413 1087545 1086693 1087573 1087411 1087371 1087365 1087325 1087295 1087217 1086449 1087967 1087805 1087839 1087883 1087953 1087523 1086935 1087427 1087609 1086271 1086257 1087421 1086247 1087833 1088003 1088053 1087491 1087083 1087215 1088895 1087103 1087019 1088893 1086869 1086453 1086847 1087783 1087737 1086713 1087163 1087061 1086331 1086361 1086279 1086261 1087763 1087667 1088985 1086797 1086741 1086671 1086655 1086699 1088197 1088347 1087159 1087701 1086529 1086689 1086345 1086805 1086773 1086259 1086251 1088289 1087181 1086207 1087551 1087503 1086533 1086263 1086569 1086313 1086687 1086633 1086617 1087459 1087233 1086225 1088971 1087591 1086623 1087327 1086267 1086241 1087565 1086413 1086299 1086295 1086577 1086657 1086619 1087419 1088109 1086335 1086625 1087361 1087271 1088013 1088979 1087703 1086367 1086387 1087557 1087293 1087229 1087231 1087203 885979 1086637 1086213 1088163 1086205 1086209 1086215 1087985 1087941 1087859 1088043 1088981 1087675 1087025 1087929 1088107 1087891 1087845 1087535 1088627 1088553 1089063 1089057 1089027 1087267 1087355 1088103 1088121 1088215 1088719 1087135 1087151 1088983 1087137 1087157 1087143 1088227 1089055 1089051 1087497 1086627 885451 1088885 1088931 1087533 886949 1087045 1088929 1087653 1087733 1087715 1087521 1087399 1087015 1087401 1087461 1088927 1087153 1088923 1088925 1088919 1087509 1088921 1086629 1087577 1086863 1086917 1086943 1086911 1087391 1087555 887411 887469 1086615 1086611 1086729 1087167 885541 887197 886349 1087227 887093 1087251 1087357 1087337 887299 887365 886241 886861 886013 1089337 1087409 886321 1086497 1086505 1086479 1087265 1087499 1086375 1086761 1086777 1087003 1086989 1086939 1086941 1086957 1086949 1086959 1086531 1086513 1086455 1086457 1086481 1086495 1087561 887103 887327 886169 886433 886323 887397 885531 886403 887521 887449 885989 886075 886189 886855 886853 885967 886213 886405 886255 887133 885977 886015 886029 886087 886081 886693 885713 886267 886223 886063 886021 886027 886009 885943 885945 887155 886173 885911 886441 885681 885685 885709 886645 885829 886699 885981 885985 885939 885937 887495 885919 886377 886407 885749 885701 885719 885773 885765 885801 886623 885931 885909 885861 885345 886681 885897 885917 885845 885397 885139 886153 885091 886135 885849 885523 887037 887095 886567 887099 885107 886145 885493 885481 886195 886279 885367 885359 885521 885581 885647 885605 885453 886289 886269 885445 886309 885497 885753 886951 886939 886943 886933 886917 886505 885341 886711 887501 886443 885539 885915 885787 885813 885571 887283 885347 885567 885509 886927 886915 885841 885825 885811 885779 885847 885705 885641 885671 887281 885399 885933 885855 886649 885339 887247 886909 886913 885747 886531 885785 885831 885627 887285 885405 885495 886351 887509 886315 885951 885955 887233 887201 885925 886905 886907 886897 886895 886107 885733 887183 886719 887459 887289 886201 886099 886703 886303 885385 885373 885423 885591 885745 886199 885635 886901 886885 886887 886883 886871 886857 885381 886689 886437 886525 886599 885899 885619 885645 886057 885789 885751 887047 887259 885389 886691 885387 885499 885901 886675 886049 885965 885783 885823 885793 885755 885797 885101 886129 885675 886001 886051 887109 887123 887519 887527 885133 886709 886553 886123 885651 887287 887163 886065 886283 886637 886707 885547 885817 887135 886659 886653 885673 885707 886177 885507 887367 887361 887387 886327 887137 887149 887147 887315 887393 887331 887263 887311 885363 885687 885663 886341 886397 887433 885637 886647 887423 887405 887475 885551 886509 886401 886625 886453 886415 886417 886469 885853 887215 885621 887467 887461 887533 886487 886541 887225 887173 887159 887067 887011 886569 887535 887497 887499 886069 886089 886399 886293 886497 887071 885383 886527 886581 886723 887131 886141 885867 886563 886587 885557 887517 908553 908901 908639 886503 886369 886373 887441 887451 887485 886181 886603 908419 908399 885553 887525 887165 886529 887479 887483 887487 886203 885873 887119 885525 886455 887061 887115 887169 887143 908945 908347 908621 887029 887381 885543 885863 887211 886565 908497 908503 908485 908335 886161 887455 887189 908315 908523 908569 886077 887473 887223 887097 908625 887057 885947 887465 887261 886467 887503 887293 908545 909265 908837 885103 885105 887227 887277 887341 887351 886357 887531 887413 887291 887379 887391 887431 886353 886249 887339 908559 886363 886163 886041 886287 887087 885907 886005 886045 887271 886511 887145 887305 887031 885903 885883 885905 885769 885771 886193 886217 887447 886251 887323 885649 885665 885653 886389 887127 887425 887369 887349 886291 886165 885959 886539 887321 886619 885807 885577 885615 887373 435704 885343 885409 908575 886633 886875 908601 885437 886147 886035 885441 908457 908453 886253 909323 908427 885503 885517 908605 885433 885455 887481 885093 885083 909289 885099 908461 908689 885427 885403 908487 908517 908411 908491 908765 909393 908669 908645 908423 908505 908597 908791 908859 885415 908501 908695 908767 908619 908313 908311 908667 908473 909345 908683 908725 908831 908329 908333 908337 908617 909355 909329 908529 908567 909179 908917 908971 908655 886277 886317 886305 885421 908547 908609 885489 887207 887347 887355 887275 887257 885475 908493 435574 908565 887179 887139 887045 885351 885587 886311 886379 908557 908363 909249 886395 886423 886471 886483 886533 886593 908709 908679 908883 909343 909293 908797 908775 908799 908611 908395 908387 909181 908603 909279 909237 908835 908849 909243 908373 909351 909313 909317 909337 909327 909299 909229 908813 908727 908379 908365 908369 908793 909259 908851 909273 909301 909397 909395 908671 908675 908383 908773 908903 908407 908753 909281 909309 908747 908811 908687 908741 909325 908821 908841 908785 908879 909295 908745 908905 909285 908377 908751 908711 908743 908459 908789 908659 908657 908495 908685 908471 908533 908431 908455 908463 908469 908613 908703 908779 908595 908445 885109 909347 908591 908577 908981 908957 909335 908325 908317 908341 908349 908357 909027 908829 908627 908647 908343 908361 908415 908397 908401 with 1 link
34 most connected regions:
6935256 6935866 435602 436966 436950 436932 436838 437284 435948 435992 436152 437002 437190 436242 436022 436318 436320 1089093 1088903 1087623 1087439 1086893 1087529 1086875 1086843 1087099 1087055 1087201 1087147 1087345 1087241 886073 885593 885835 with 4 links
