Neighbour list object:
Number of regions: 15086 
Number of nonzero links: 30042 
Percentage nonzero weights: 0.0132002 
Average number of links: 1.991383 
50 regions with no links:
6885554 6885590 6886256 6883868 6883648 6889750 6889848 6891420 6888576 6886036 6885822 6907135 6907367 6907757 6907763 12106896 6906619 12106258 12106282 12104356 12104358 12104306 12106156 12106028 12104488 12105952 12105694 12105770 12106840 12106824 12106876 12106540 12106752 12104916 12106472 12106468 6920146 4546882 4546480 4547826 4546824 4549422 4549146 19324549 19324183 19324139 19324293 19322851 19315222 19315226
Link number distribution:

   0    1    2    3    4 
  50 5584 4018 5314  120 
5584 least connected regions:
6887314 6888590 6884630 6883686 6889712 6890438 6883818 6888266 6883782 6891560 6884556 6884268 6887940 6888828 6891830 6886932 6891870 6889602 6888650 6891860 6886924 6886012 6889052 6883564 6891796 6889258 6888498 6888292 6883630 6884310 6886868 6886616 6884358 6883976 6885364 6884152 6886042 6883910 6886576 6886392 6884098 6887166 6886288 6885070 6889088 6885662 6883860 6884446 6888096 6887096 6885472 6887070 6887102 6889344 6890322 6892196 6889734 6891936 6883732 6885672 6884096 6891602 6886168 6888492 6891604 6887318 6889982 6890168 6888848 6891442 6883596 6883618 6883600 6884520 6883578 6883562 6886428 6889966 6888626 6891818 6892190 6889854 6887786 6890160 6890292 6883566 6891608 6887892 6883650 6888996 6886872 6891832 6883678 6885652 6891562 6885508 6885750 6885854 6885924 6885890 6885892 6885942 6884218 6884120 6889104 6888968 6891558 6883574 6883582 6883592 6883602 6883612 6883644 6884608 6883580 6883786 6885846 6889926 6891592 6888614 6883844 6886446 6885420 6886724 6888110 6889200 6885118 6884282 6888616 6888992 6888656 6886144 6886966 6891464 6892240 6885306 6889314 6891778 6891520 6888116 6886960 6892174 6885080 6891524 6883896 6884490 6884880 6888556 6891620 6886092 6884436 6885438 6885608 6883754 6885712 6889090 6885332 6883634 6885534 6885170 6888228 6883652 6884538 6884238 6884322 6885172 6885128 6885324 6885624 6885668 6886672 6886758 6885604 6885728 6885692 6885458 6885598 6885052 6885242 6885594 6883882 6885626 6886054 6886104 6885568 6885402 6883784 6885154 6885574 6887052 6886170 6885704 6885764 6885752 6887022 6888250 6884350 6883642 6885908 6885974 6887036 6885504 6883708 6885482 6885526 6885308 6885792 6886126 6888970 6887580 6887050 6885536 6883594 6884486 6885436 6888610 6885110 6886370 6886232 6886514 6886304 6885966 6886372 6886034 6885960 6885904 6886108 6884870 6891840 6884470 6884382 6884474 6884422 6885492 6883696 6883704 6885186 6885440 6890276 6886378 6884652 6884440 6885386 6884024 6885542 6886106 6883768 6890296 6888942 6883872 6885646 6884304 6884244 6884172 6883898 6883884 6883870 6883822 6885164 6888168 6885502 6885722 6888388 6884526 6886090 6885944 6884548 6886722 6883604 6883640 6886078 6885506 6885632 6891788 6885166 6885342 6884560 6885288 6885636 6884342 6892198 6885674 6886818 6885584 6883660 6884346 6886540 6886780 6886390 6884424 6885744 6886068 6885274 6886368 6886548 6886236 6886730 6886750 6884330 6884376 6886646 6886784 6887034 6886114 6886122 6886442 6884210 6884082 6884068 6883990 6884038 6883988 6886510 6886768 6886568 6886444 6886624 6885684 6886744 6886760 6886772 6886596 6886264 6886290 6886396 6887048 6886062 6885426 6887410 6886010 6884156 6884198 6884174 6886630 6886312 6886014 6886404 6886676 6885474 6886124 6884276 6884290 6884320 6884400 6885620 6885978 6886686 6887076 6886608 6887114 6884426 6886694 6886580 6886732 6886534 6884316 6887124 6886578 6884584 6884586 6886328 6886324 6886766 6885120 6885860 6885876 6884280 6884398 6886216 6886196 6884396 6885106 6884456 6885094 6884592 6886738 6886436 6886832 6885600 6886222 6887094 6884242 6884258 6884394 6886182 6885930 6886658 6887098 6886384 6886410 6885162 6884414 6884418 6884594 6884270 6886148 6885918 6886684 6884600 6884260 6891662 6891670 6890326 6889666 6889746 6884564 6883920 6884388 6884180 6885844 6890332 6891916 6891924 6892332 6886332 6884200 6884236 6884208 6883906 6883960 6884042 6884196 6886354 6891594 6892330 6891572 6891674 6891664 6884170 6884126 6883968 6884048 6884040 6884190 6886118 6886652 6889992 6889756 6889660 6889574 6891942 6883986 6885528 6886552 6886402 6884344 6884582 6886134 6885484 6885382 6885444 6891940 6891532 6891486 6891460 6891426 6890064 6891360 6885938 6886590 6885926 6884102 6885494 6885900 6885834 6886268 6886246 6886098 6886096 6886642 6886158 6886138 6883994 6884530 6883664 6883676 6886398 6885328 6886308 6886752 6883736 6883866 6886058 6885952 6886918 6889904 6889994 6891816 6892200 6886820 6890184 6889614 6886968 6886970 6889354 6889774 6890178 6889976 6886826 6886884 6889790 6891948 6891946 6886980 6892252 6886972 6890334 6889278 6891400 6891080 6891084 6891492 6891902 6891878 6891764 6889682 6886956 6889186 6889108 6891724 6889714 6891606 6889922 6886880 6886904 6886892 6886926 6890070 6886974 6891540 6889826 6889834 6890536 6891414 6886940 6889832 6891092 6886874 6891884 6886944 6890114 6891834 6889708 6889974 6891116 6891650 6891568 6891098 6891768 6891780 6886922 6890118 6886938 6891598 6889218 6890516 6891508 6891986 6889618 6890012 6889892 6886476 6886468 6886418 6891510 6890050 6889094 6891736 6889482 6891894 6891898 6891904 6886770 6891882 6891744 6887108 6887106 6886494 6889426 6891874 6886762 6889868 6889268 6889650 6889694 6890038 6890146 6891370 6891450 6889528 6886774 6891622 6889862 6889894 6889910 6889912 6889740 6889670 6889612 6891912 6891930 6889198 6889956 6889232 6889230 6889842 6889930 6891476 6889736 6892202 6889288 6886796 6889968 6891718 6891446 6891586 6891472 6892176 6891722 6889942 6890008 6890330 6886916 6886878 6886906 6886786 6889382 6892182 6890548 6889080 6890208 6889656 6889116 6889338 6891652 6891752 6892178 6889356 6886670 6886520 6886978 6891612 6886050 6886788 6886852 6886708 6890150 6889566 6889890 6886504 6886538 6886582 6886322 6891078 6889884 6889176 6889798 6891478 6890034 6891430 6885940 6886046 6885950 6886056 6891114 6890052 6889536 6891852 6891862 6889818 6889900 6891676 6890014 6889870 6890106 6891542 6892096 6892110 6890028 6889898 6891754 6889516 6889514 6892080 6892100 6892054 6891514 6889364 6892030 6890018 6889422 6890016 6889882 6889874 6889794 6889810 6892038 6892040 6891494 6891462 6891474 6892338 6889928 6889564 6891720 6892094 6892044 6892336 6889748 6892028 6891734 6891666 6891730 6891738 6889680 6889722 6889686 6889658 6889710 6889786 6889784 6891610 6891438 6892032 6892052 6891838 6889292 6892006 6891996 6891978 6892226 6889800 6892020 6891746 6891392 6890112 6892068 6889512 6891854 6891836 6891762 6889838 6891658 6890104 6889212 6889384 6892120 6889626 6889962 6889434 6889608 6891992 6891984 6886176 6892118 6890156 6891402 6888162 6887540 6889138 6892112 6891454 6891456 6891692 6889386 6888264 6889046 6889136 6889102 6891990 6892234 6892104 6891470 6889954 6889852 6891846 6889508 6888124 6886586 6888692 6891876 6891920 6891950 6892022 6891554 6891810 6888730 6888536 6891988 6892242 6892236 6892072 6889098 6889034 6890260 6889586 6889440 6891972 6889404 6889582 6889518 6891600 6892092 6892098 6889378 6889758 6889678 6891760 6889326 6890610 6886330 6886690 6888920 6888922 6889754 6889958 6892086 6892084 6889768 6888954 6888902 6888482 6888972 6888964 6891432 6889932 6890042 6889510 6889454 6889802 6890026 6890124 6892328 6889950 6891776 6891794 6889866 6889424 6889744 6891974 6891892 6890202 6890132 6890048 6888772 6888658 6889406 6886130 6888234 6888876 6889162 6889664 6889464 6889442 6888222 6888728 6890278 6888406 6889054 6889226 6888938 6889134 6888568 6888916 6888880 6888224 6888990 6889026 6888676 6888838 6888878 6887588 6889304 6889264 6886172 6888466 6888316 6889576 6889376 6888750 6888760 6888810 6889282 6888918 6888852 6889368 6888978 6889330 6889324 6888452 6886374 6888150 6889008 6889036 6888830 6888930 6889096 6889248 6889000 6889040 6889058 6888804 6888932 6888700 6888898 6889328 6888670 6890310 6888286 6888252 6888296 6889260 6890318 6890314 6890312 6888946 6888904 6888994 6889020 6889114 6888448 6888710 6888418 6889152 6889028 6888944 6886412 6886454 6890280 6886136 6888752 6888774 6889266 6889048 6889178 6888198 6888520 6888248 6889004 6888190 6888636 6888756 6889544 6888984 6889064 6884484 6888500 6889140 6889118 6888584 6883932 6883970 6884016 6888086 6887780 6884250 6888204 6888494 6888598 6889296 6889210 6890426 6888206 6887970 6888688 6888164 6888678 6888988 6888832 6889312 6888594 6888630 6888654 6890286 6888342 6888860 6890270 6888300 6888948 6886298 6883908 6883918 6885516 6884842 6884240 6887792 6888682 6888824 6888786 6888606 6888622 6888790 6889166 6889290 6889024 6887772 6884972 6889234 6888322 6888712 6888242 6888274 6888410 6888778 6890288 6890294 6888962 6889122 6888620 6888618 6888776 6889144 6889084 6888036 6888060 6888100 6886234 6890298 6888290 6888430 6888836 6887586 6887980 6888012 6888024 6888780 6888634 6887600 6888604 6888246 6889128 6890258 6888960 6889494 6889444 6889600 6891644 6889276 6890272 6888928 6891728 6891784 6889496 6885552 6888356 6888386 6890606 6885406 6884886 6884848 6888218 6887852 6888468 6888580 6888588 6890268 6888438 6888002 6887974 6887946 6884838 6887832 6887920 6890242 6887850 6887866 6887834 6884906 6888414 6888548 6887928 6884904 6885114 6884452 6885326 6888136 6888612 6888586 6887848 6885210 6884868 6885414 6884924 6887788 6885158 6888564 6888608 6888010 6884570 6885812 6887828 6885244 6888140 6888072 6885390 6885096 6884494 6884568 6887784 6884874 6884866 6884864 6885228 6890254 6885746 6888118 6887870 6887830 6887898 6888560 6888070 6888078 6888472 6888114 6887868 6887824 6884898 6885300 6885330 6885206 6887818 6884890 6885116 6887790 6890244 6890608 6888476 6885138 6884482 6884022 6883802 6892126 6883746 6888434 6888088 6885104 6884362 6888490 6887888 6888514 6887872 6884928 6888210 6885592 6888506 6888502 6888566 6887310 6885178 6888154 6885724 6889410 6888442 6888574 6888488 6888524 6885824 6884492 6884364 6884454 6885788 6883876 6883894 6884390 6888510 6887776 6888170 6887814 6885040 6887874 6886226 6890604 6887926 6887862 6887826 6888082 6885450 6884926 6887878 6889196 6889238 935050003 6883794 6883756 6888230 6888172 6885630 6888068 6890246 6888216 6885032 6888090 6884916 6889446 6889730 6889702 6889704 6887798 6887778 6885416 6887990 6887794 6888200 6884272 6887864 6888914 6888894 6888912 6888974 6889022 6888026 6887300 6884840 6885384 6884914 6888260 6889636 6888486 6884392 6883738 6884478 6884546 6885410 6884002 6883962 6884448 6887418 6887408 6888214 6883956 6883926 6884220 6883712 6892340 6891954 6888240 6897686 6884542 6883840 6883928 6883890 6883878 6883892 6887608 6884776 6887602 6883984 6883888 6892064 6891944 6885706 6883764 6887550 6885896 6884124 6887380 6887374 6884266 6884278 6891366 6886204 6883688 6883826 6884558 6883880 6883942 6884332 6883938 6884050 6883772 6883974 6884140 6889504 6884018 6884020 6889500 6888244 6885464 6884036 6884128 6883694 6883762 6907631 6884014 6884112 6884206 6884072 6884070 6884540 6883814 6906859 6884378 6885056 6884138 6884182 6884274 6883936 6884374 6884404 6884222 6883748 6908149 6884194 6884292 6884246 6884168 6883682 6883804 6884188 6897806 6887968 6887942 6888128 6884046 6883720 6883854 6888184 6887906 6909633 6910311 6908077 6909187 6909423 6908741 6907271 6910405 6909751 6907125 6908565 6906323 6909627 6909419 6907351 6907293 6908191 6883796 6906827 6883842 6884554 6883850 6883848 6887590 6910119 6910283 6909505 6906087 6906059 6905997 6905933 6905987 6910391 6910175 6906061 6907849 6910001 6907257 6907307 6910373 6910353 6909955 6907239 6907809 6907577 6905981 6908701 6910031 6907195 6909731 6908187 6910049 6905953 6906169 6907611 6908575 6906227 6906219 6906245 6910371 6908057 6909917 6907635 6907561 6907487 6907171 6907175 6907261 6906047 6906035 6907921 6907753 6907743 6907199 6907215 6905955 6909603 6906501 6906477 6906251 6907343 6907255 6907143 6906275 6906037 6909771 6907345 6909247 6906313 6908513 6907183 6907233 6907225 6907251 6906481 6906471 6906465 6906467 6907661 6906237 6907507 6907187 6906805 6906065 6907331 6906273 6906217 6906265 6906209 6909495 6907169 6907309 6906457 6905999 6906033 6906057 6906105 6906225 6906327 6907915 6906451 6907773 6905917 6905899 6908975 6906267 6906133 6905971 6907147 6906473 6907761 6906489 6907131 6906939 6906255 6906123 6907177 6907241 6906263 6908423 6906043 6906175 6909177 6908417 6910047 6910087 6910075 6910029 6909993 6907397 6907231 6906283 6907703 6908411 6907965 6907969 6907947 6907933 6907913 6907149 6906129 6908403 6908401 6907909 6908583 6910035 6910017 6909997 6909975 6909977 6907567 6906795 6909899 6909949 6909973 6908429 6907795 6908105 6907165 6908559 6907181 6907787 6909705 6907457 6907461 6908375 6907767 6909755 6907677 6907675 6907781 6909685 6909775 6907701 6907801 6908211 6907471 6909789 6908263 6908277 6908261 6908247 6908241 6908231 6908167 6908581 6909589 6907299 6907283 6907453 6907413 6907359 6907303 6907305 6907291 6907267 6908221 6908287 6907321 6907301 6908567 6908217 6908203 6908201 6908193 6908353 6910105 6908173 6908189 6908289 6907277 6907279 6907455 6910169 6908563 6908571 6907475 6907373 6907315 6907317 6907731 6908039 6909749 6908225 6908257 6907483 6907377 6907379 6908333 6908293 6908283 6908267 6908253 6908245 6907885 6909673 6909671 6909735 6907799 6908307 6908337 6907653 6907639 6907637 6909819 6907531 6908181 6907477 6907519 6907405 6907557 6909683 6909691 6907641 6908367 6908365 6907549 6908609 6908611 6908131 6908129 6907591 6907329 6908137 6908599 6907619 6907615 6907573 6907547 6908573 6909393 6909375 6909311 6909931 6908037 6907503 6907437 6907473 6908151 6909811 6909923 6909849 6909707 6909719 6909711 6909659 6908301 6907887 6907843 6908023 6907571 6908249 6909277 6909347 6909649 6908321 6909605 6909593 6907863 6907847 6907939 6907583 6909645 6909681 6909647 6909349 6907649 6907607 6907721 6908767 6907559 6908185 6907663 6907633 6907845 6907737 6910357 6907825 6908197 6908617 6908613 6907673 6907687 6909767 6909695 6909617 6909547 6909541 6909549 6909241 6907595 6907683 6908095 6907447 6907679 6908369 6907243 6906223 6906157 6906189 6907711 6907541 6906299 6907339 6907685 6907203 6908169 6907979 6908013 6910209 6907905 6908453 6910103 6910107 6910123 6910135 6910145 6908025 6908021 6908479 6908473 6908471 6908483 6909699 6907883 6907927 6909907 6909909 6910155 6909779 6909801 6909827 6909839 6908047 6908045 6908469 6908463 6909829 6908009 6909903 6909465 6909491 6910407 6910161 6910173 6910177 6910193 6908459 6910011 6909851 6909935 6908063 6908053 6908059 6909871 6910197 6909933 6910365 6909987 6909943 6909967 6908065 6909813 6908109 6908121 6909845 6909835 6909493 6910201 6910203 6910249 6910277 6908527 6908115 6908119 6907919 6909983 6909853 6907873 6910287 6910285 6910279 6909961 6910057 6910115 6908125 6908141 6909573 6909577 6909929 6909985 6909963 6910223 6910217 6908027 6907971 6910191 6910281 6910253 6909951 6909469 6908017 6910375 6910185 6910195 6910097 6910221 6910211 6907963 6910077 6910051 6910403 6909847 6910243 6910189 6910139 6909665 6908407 6908501 6908493 6907917 6910153 6907665 6909407 6909451 6909517 6909513 6910325 6910085 6908529 6908397 6909915 6907999 6907981 6908007 6909103 6907031 6907025 6906453 6905929 6908091 6908101 6907923 6908535 6908537 6910273 6910167 6905943 6906825 6909435 6909489 6909461 6908265 6910257 6910239 6910241 6908097 6909507 6910331 6906819 6906801 6906797 6908295 6908509 6908519 6908175 6908391 6908355 6908437 6910367 6907977 6907993 6906853 6909599 6909615 6908517 6908521 6908447 6908445 6908451 6910045 6910013 6909889 6909697 6909727 6909679 6906917 6909433 6908605 6908449 6909945 6909941 6909487 6909179 6906787 6907729 6907705 6907707 6909879 6908209 6908485 6907925 6909859 6909781 6909797 6909785 6908033 6907709 6909855 6909227 6905839 6909223 6910319 6909061 6909019 6906861 6908989 6909275 6909133 6909331 6906289 6909081 6909203 6909201 6909207 6906171 6909101 6906147 6906493 6906499 6907237 6907297 6909169 6909503 6905861 6906887 6909011 6909005 6908951 6908909 6907011 6906955 6909047 6909205 6908619 6908035 6908983 6909077 6906183 6909265 6907275 6907313 6909325 6905995 6910401 6909093 6906163 6906109 6907273 6907219 6907211 6908991 6908987 6906767 6909369 6910399 6909355 6906815 6907747 6908937 6908919 6908923 6906931 6909429 6909259 6905885 6909181 6909479 6907911 6907985 6907877 6907529 6906339 6906281 6905951 6909249 6909395 6909301 6906277 6906335 6907425 6909287 6906851 6906203 6906199 6906261 6907429 6908871 6906979 6906985 6906961 6906935 6905837 6906259 6906941 6909117 6909113 6909609 6909085 6907515 6907551 6907381 6907445 6907347 6910397 6909263 6905867 6906837 6907621 6906929 6906909 6907035 6906957 6906341 6906343 6909321 6909421 6907543 6909225 6909127 6907421 6907563 6907575 6907997 6909467 6905847 6906877 6909015 6907759 6907723 6906977 6906963 6906897 6906145 6909141 6909119 6909039 6909089 6906873 6906945 6906965 6909307 6909399 6907671 6906879 6909457 6909221 6906479 6907601 6907835 6907855 6907659 6909381 6905853 6906835 6906823 6909239 6907765 6909709 6909557 6908067 6908779 6908103 6906969 6909533 6909195 6909063 6906253 6908079 6908071 6907769 6908681 12106024 6906975 6906347 6906345 6906829 6909007 6907151 6907157 6908627 6907173 12104802 6908965 6908969 6908979 6905903 6906999 6910337 6909003 12104652 6906443 6905969 6908157 6909115 6908967 6909021 12104664 6905927 6906029 6909001 6907527 6907459 6906303 6909123 6905891 6906003 6906803 6905935 6906459 6906933 6907375 12106706 12106202 6906647 6906001 12105534 6913755 6905871 6905889 12106822 12106484 6906841 6906833 6907001 6909521 6905887 12104062 12104052 12104646 12106728 12106730 6905869 12107208 6905895 6906435 6909143 12103590 12104064 12106140 6906799 6906781 6906773 6907555 6909629 6909585 6909619 6910355 6906811 6909145 6906769 6905851 12106736 12103784 12106772 12106440 12106566 12106794 12106020 12106416 12106598 12106678 12106646 12103950 12103948 12104308 12104298 12103820 12105018 12106674 12105890 12104460 12104380 12103492 12103954 12106522 12104726 12103684 12103656 12103640 12104674 12103648 12103786 12104650 12104632 12104850 12103952 12104848 12104892 12104240 12104236 12103632 12103604 12103618 12103788 12106640 12104528 12103868 12104228 12103572 12103886 12106572 12106562 12104584 12103562 12103804 12103520 12103488 12103486 12104538 12106672 12104074 12104520 12104824 12104834 12104822 12104226 12103792 12103880 12104984 12103740 12104060 12106486 12106550 12104242 12106498 12103588 12107636 12103780 12103872 12104334 12105992 12103658 12103704 12103702 12103502 12104320 12104602 12104350 12105944 12106394 12104214 12104070 12106374 12106232 12104322 12104310 12106220 12103546 12104466 12105920 12105892 12105956 12107234 12106066 12106188 12104774 12103720 12104728 12103600 12103878 12106240 12103674 12104276 12103818 12104458 12104426 12104440 12103574 12103570 12103904 12104590 12103614 12104262 12104280 12104282 12103498 12104408 12106300 12104582 12106214 12106204 12106212 12106152 12103566 12103722 12103760 12105948 12106314 12103468 12104402 12104390 12104378 12104362 12104230 12106272 12107268 12103526 12104288 12104980 12104348 12103756 12104360 12104416 12104556 12103596 12104352 12106466 12106478 12107276 12104668 12107270 12103680 12104986 12104296 12106108 12105998 12103744 12103738 12103776 12103828 12106396 12107280 12107278 12104476 12103900 12106334 12103806 12106014 12106048 12104500 12104504 12104510 12104614 12104670 12103630 12103564 12105988 12105972 12104490 12106182 12104690 12103646 12106316 12103712 12106166 12106110 12104604 12105726 12105780 12105872 12103672 12103936 12103938 12106084 12106018 12106078 12103770 12103718 12105878 12105854 12105986 12103890 12103898 12103944 12104700 12105978 12106470 12105918 12105914 12105910 12103928 12103540 12103504 12106410 12106380 12105966 12105946 12105906 12105932 12104316 12104328 12104610 12106354 12106306 12106296 12106248 12103592 12106178 12105714 12106532 12107294 12104480 12106002 12106000 12106382 12106124 12104278 12106022 12105710 12106356 12105744 12106586 12104586 12103518 12106358 12104300 12106216 12104636 12106616 12104718 12107262 12105676 12107248 12104722 12104698 12104708 12104788 12104812 12104840 12105530 12105476 12104914 12104770 12104716 12104734 12104540 12106452 12104626 12105600 12104400 12104786 12104756 12104640 12104644 12106490 12105680 12104680 12107254 12105532 12105566 12105592 12105574 12105562 12106254 12107220 12105830 12104854 12104844 12104818 12105486 12105628 12106406 12107428 12104522 12104566 12104638 12104628 12104616 12105556 12105012 12105538 12105750 12104462 12105934 12105088 12104600 12104622 12105724 12105656 12106430 12104658 12104682 12104794 12104866 12105712 12105756 12105734 12106260 12107218 12104924 12104710 12104784 12104768 12104742 12107252 12107250 12107212 12105610 12105552 12105570 12106372 12105564 12105630 12104572 12104550 12104544 12106448 12105428 12104772 12104748 12104910 12105594 12106444 12106450 12105834 12105836 12105828 12105812 12107438 12106206 12106222 12103970 12103968 12103876 12104642 12105608 12105422 12104364 12105450 12104888 12106338 12106868 12106856 12103490 12106558 12105930 12104922 12106390 12104404 12104886 12105658 12105554 12104442 12106570 12106668 12106686 12106742 12106680 12106796 12105500 12107638 12105662 12106402 12105870 12105684 12104780 12105616 12106804 12106350 12104820 12104864 12105518 12105494 12105686 12105520 12105434 12105418 12106502 12106368 12106874 12106658 12106740 12106792 12106832 12105508 12104904 12105916 12104750 12104778 12104564 12105634 12105782 12105738 12105410 12106892 12107036 12107044 12107048 12106424 12104656 12104694 12104868 12105406 12106852 12106880 12106904 12106888 12106934 12106972 12104432 12104776 12104808 12104860 12106414 12103536 12103558 12104494 12105816 12105510 12104842 12104884 12104870 12104740 12104814 12104800 12104790 12106438 12106552 12106318 12107014 12107226 12106676 12106756 12106890 12106544 12106564 12106582 6920370 12107244 12106328 12106006 12105964 12106458 12106494 12106584 12106284 12106030 12106964 12106884 12105962 12106046 12103974 12106902 12106008 12106236 12104878 6920650 12106642 12106782 6920268 12106184 12106708 12106778 12106186 12104304 12106518 12106914 12103830 12106098 12106952 12106826 12107122 12106812 12107310 12106906 12106788 12106158 12106828 12107306 12107118 12107006 12107086 12106352 12106770 12106958 12107100 12107052 12105982 12106776 12104702 12107066 12107068 12107018 12107640 12106978 12106942 12106924 12106908 12106376 12106286 12107266 12106882 12107040 12106170 12105970 12106172 12106922 12107292 12106148 12106176 12106370 12107106 12107108 12106654 12105888 12106836 12106604 12106506 12107056 12107010 12106970 12107090 12107012 12106626 12106662 12106656 12106068 12106010 12107238 12106866 12106230 12107050 12107084 12107064 12107072 12104920 12106546 12106266 12106590 12106702 12107022 12106574 12107054 12107308 12106938 12107046 12106918 12106520 12106624 12107120 12106746 12106750 12105746 12105688 12106554 12107038 12106270 12105960 12105938 12105912 12105874 12105996 6906007 6906005 6905947 6905939 6905915 6906517 6906021 6906013 6918930 6920728 12106412 12105460 12106692 12107286 12104908 12104918 12104570 6920600 6919392 6919318 6919266 6919340 6918512 6919214 6918962 6919308 6919360 6919354 6919346 6920116 6918484 6906015 12106480 6919430 6919362 6919364 12106878 12107058 12106846 12107028 12106732 12106132 12106026 12106118 12106062 12106064 6919608 6918732 6919728 6919452 6919424 6919256 6918760 6919240 6920180 6920190 6919234 6918742 6918724 6919522 6919846 6918744 6919454 6919348 6918522 6919300 6919216 6918816 6920328 6918500 6919410 6919968 6919626 6919658 6920252 6920380 6920374 6920440 6920468 6920434 6920208 6918510 6918486 6919434 6920510 6920536 6920584 6920618 6920652 6920700 6920730 6920158 6919458 6919882 6920270 6920240 6919384 6918514 6918916 6918798 6920530 6920918 6919502 6918506 6918856 6920734 6920718 6918876 6918496 6919356 6920698 6920168 6918538 6919226 6919450 6920732 6919758 6919304 6920782 6918772 6919440 6920834 6918738 6920236 6920904 6918950 6918838 6919220 6918490 6918730 6919272 6922228 6919684 6919394 6919504 6918736 6918520 6919222 6920596 6920242 6920156 6919490 6919368 6919938 6918774 6919722 6919336 6920826 6919470 6918516 6920726 6918488 6918508 6918770 6919400 6918494 6918786 6918734 6918492 6919246 6920248 6920910 6920408 6920576 6920196 6920602 6920760 6920488 6919446 6920204 6919738 6920334 6920354 6919558 6919710 6920348 6920230 6919690 6919680 6919702 6919640 6920508 6919358 6919516 6919632 6919762 6920372 6920258 6920674 6918980 6920912 6920920 6920564 6919600 6919656 6919644 6919650 6919548 6919714 6919746 6919854 6920568 6920624 6920112 6919506 6920704 6919748 6919856 6919642 6920604 6920580 6918966 6919524 6919648 6920294 6920296 6918944 6919662 6919534 6919488 6919724 6919692 6920418 6919614 6920276 6920234 6920216 6920402 6919686 6919476 6920566 6920504 6920450 6920636 6918888 6919556 6919718 6920416 6919666 6919486 6920594 6919532 6919572 6919512 6920444 6919638 6919462 6919596 6919554 6920382 6920120 6920672 6918934 6920144 6920528 6919598 6920278 6919708 6920426 6918976 6918978 6920320 6920906 6919704 6920646 6920922 6919588 6919540 6919730 6919970 6919954 6919678 6920400 6918948 6920506 6918858 6919320 6919342 6919456 6919630 6918776 6918880 6918932 6920590 6919274 6919276 6919268 6918958 6919612 6918970 6918814 6918844 6920338 6920430 6919712 6920684 6920210 6920610 6919212 6919230 6919706 6919544 6920264 6920324 6918942 6918872 6919562 6920914 6919580 6920542 6918780 6919374 6920662 6920428 6920358 6920412 6920384 6920160 6919616 6920256 6918928 6920438 6920632 6919546 6919254 6920110 6919624 6920218 4547598 6919306 6920762 6920286 6919242 6920492 6920282 6919228 6920880 4549210 4549222 4547530 4547956 4547630 4547492 6918722 6918518 6920136 6920138 4548046 4546994 4549312 4549420 6918768 6918842 4546794 4547608 4548518 4549014 4548700 6919238 6919244 4546694 4548384 6920916 6920484 6919280 6920486 6920548 6920592 6920220 6919324 6920710 6920722 6920712 6920670 6920686 6920908 6918830 4545574 4547984 4547990 4546866 4547030 4547568 4545648 4545622 4546096 4546074 4546316 4546242 4546240 4546364 4546494 4546804 4546844 4548008 4547758 4546208 4548974 4548990 4547410 4546550 4548208 4546610 4546802 4547610 4547174 4546210 4546154 4546470 4546482 4546706 4546618 4546650 4548370 4547596 4546756 4548564 4548490 4548586 4548484 4547704 4548426 4548396 4545820 4545870 4548450 4548488 4548972 4548558 4548472 4547692 4548714 4545996 4548040 4548394 4546384 4546412 4546870 4548626 4548612 4546130 4545888 4547396 4548562 4548688 4546556 4546528 4547406 4546410 4548576 4549020 4546836 4545620 4547886 4546956 4548390 4546572 4548458 4548570 4547936 4548416 4548670 4545692 4546374 4546194 4548372 4548378 4546568 4548598 4546592 4548402 4545900 4546032 4548354 4549248 4545786 4546144 4546288 4547408 4546034 4548374 4546138 4548454 4545800 4546422 4546534 4546530 4546498 4545794 4545886 4546010 4545992 4548704 4546056 4546174 4548456 4548574 4548602 4546036 4546196 4546204 4546660 4546620 4546602 4547888 4548442 4548444 4546538 4546540 4548200 4548526 4548494 4548400 4548392 4548452 4545990 4548412 4548202 4546474 4546604 4546606 4546656 4546716 4546812 4547910 4548498 4547140 4547380 4548608 4545810 4546472 4546518 4546292 4546294 4547972 4547922 4545616 4547892 4546780 4547856 4548566 4546726 4546690 4548478 4545974 4546220 4545874 4546114 4546504 4545678 4545664 4545744 4545750 4545768 4545906 4546234 4546310 4546458 4546416 4546440 4545528 4545562 4546286 4546386 4546088 4546136 4546514 4546346 4546484 4546532 4545804 4545876 4546340 4546262 4546376 4545654 4545710 4545640 4545646 4545656 4548014 4546202 4546124 4547822 4546454 4546512 4546450 4548204 4545726 4545784 4545774 4545772 4545828 4545696 4547838 4546168 4546122 4546018 4545798 4545756 4546172 4546142 4546250 4545896 4547802 4546506 4545700 4545702 4545962 4545940 4545938 4545878 4545952 4545966 4546192 4545554 4545564 4545568 4548198 4546570 4546598 4546358 4546140 4546000 4545642 4545714 4545736 4545720 4547800 4545618 4545650 4547814 4545546 4545552 4545582 4545902 4545842 4545844 4545860 4545864 4545796 4545606 4545532 4546048 4546704 4546748 4546770 4546860 4546932 4547564 4547816 4545672 4545946 4546044 4545958 4547074 4547006 4547160 4547550 4545812 4545688 4545754 4546100 4546200 4546098 4549152 4549216 4549252 4549172 4546708 4546734 4545982 4545802 4545686 4546524 4546580 4546682 4547594 4549134 4546378 4545698 4546680 4546188 4549012 4549006 4547708 4548964 4548982 4546758 4546718 4546218 4545834 4545666 4545854 4545676 4545610 4545578 4545534 4546236 4547844 4547370 4547306 4547652 4545916 4546084 4545612 4545636 4545530 4546092 4547628 4547624 4547632 4547866 4546644 4546642 4547902 4546652 4545764 4545826 4545694 4545542 4545548 4546126 4546228 4546632 4547890 4546066 4546442 4548606 4547208 4545770 4546976 4547552 4547560 4546900 4546816 4547056 4547068 4547122 4547054 4547218 4547170 4547296 4547954 4547522 4547412 4547576 4547052 4547076 4547156 4546582 4546696 4546862 4546996 4546984 4547404 4547388 4547390 4547246 4547298 4546638 4546878 4547318 4547282 4547882 4547154 4547180 4546788 4546810 4546456 4547394 4547276 4546762 4546834 4547186 4546430 4546432 4547198 4547228 4547300 4547358 4547324 4547368 4548024 4546990 4546930 4547514 4547200 4547242 4546434 4546398 4547828 4546254 4547494 4547460 4547434 4547898 4546880 4546906 4547546 4547202 4547278 4547356 4547446 4547466 4547452 4547532 4546772 4547420 4547088 4546958 4547510 4547290 4547506 4547542 4547582 4546112 4546150 4546186 4546266 4546258 4546964 4546848 4546744 4547158 4547008 4547950 4547500 4546966 4547026 4547084 4547346 4549108 4549132 4546986 4546738 4547362 4549104 4549046 4547584 4547022 4547126 4546946 4546760 4547458 4546752 4547944 4547960 4547496 4547524 4547554 4547884 4546636 4546622 4547188 4547118 4546850 4547450 4547360 4547402 4546624 4547846 4546594 4546698 4547344 4547392 4546884 4547428 4547744 4549040 4547326 4547224 4547244 4547192 4546936 4546968 4547002 4547164 4547148 4547860 4546754 4547948 4547376 4547416 4547486 4547526 4547588 4547438 4547104 4547010 4547116 4546732 4547302 4547220 4546918 4546924 4547880 4547746 4547798 4547260 4547182 4547086 4546926 4547916 4546942 4546746 4546950 4545822 4546658 4546742 4546902 4547562 4547920 4546786 4546654 4547852 4546446 4547862 4546630 4546588 4546426 4547028 4547108 6924675 6924695 6924483 6925547 4549264 4549268 6924595 6924541 4549238 6925165 6924411 4549286 4549230 6924455 4549100 6925111 4549000 4548658 4548632 4549408 4549224 6925163 6924469 4548686 4549024 4548988 4549168 6924439 4549220 4549190 4549258 4548710 4547078 4549078 4549052 4548652 4549044 4549058 4549070 4549302 4549306 4547172 6925395 6924461 4548992 4548678 4547750 4546226 4547622 4547606 4547752 4547650 4549444 4547258 4547286 4547214 6924393 6924795 4549122 4547680 4547658 4547682 4547964 4547222 4547578 4547590 4546342 4547256 4547962 4548716 4547272 4547710 4547636 4547966 4548720 4547374 6924389 4546934 4547538 4548588 4549062 4549276 4549098 4547612 4549310 4549296 4549260 4549242 4547730 4548674 4547196 4547236 4547262 4549196 4549032 4549142 4547734 4547716 4548708 4548622 4545596 4547280 4549298 4549084 4549128 4549158 4546944 4547726 4545526 4547518 4548618 4547684 4547656 4549282 4549174 4549176 6924589 6924473 4547508 4547642 4548206 4547216 4547660 4547672 4549288 4549170 4547690 4547670 4547668 4547640 4547464 6924833 6924585 6924943 6924487 6924403 6925267 6924861 6925671 6925133 6924607 6924555 6924573 6924501 6924495 6924735 6924679 6924525 6924377 6924369 6925661 6925669 6925667 6924633 6924849 6924739 6924947 6924657 6924549 6925559 6925691 6924509 6924759 6924591 6924531 6924627 6924503 6925189 6924497 6925693 6925695 6924551 6924479 6924579 6925635 6925651 6925555 6924481 4548584 4548582 6924597 6924513 6924485 19324667 19324589 6924443 6924705 6924553 6925023 6924463 6925567 6925603 6924493 6924465 6925585 6925611 6925625 6925621 6924511 6925177 6925571 19324569 19325097 6925171 6924505 6925169 6924395 4547714 4547626 4547586 4547558 6925173 6925187 4549214 6924367 4548712 4548666 4552312 6924835 6925073 6925045 6924753 6924869 6924985 6924927 6924949 6924853 6924847 6924939 6925217 6924997 6924757 6924731 6924661 6924917 6924905 6924973 19324973 6925005 6925595 6925003 6924877 6925215 6925097 6924977 19324887 19323501 6925211 6924647 6924399 6924767 6925105 6924743 6925601 6925575 6925557 6925573 6924999 6925489 6924913 6924871 6925061 6924653 6925037 6925079 6925143 6925401 6925147 6925497 6925051 6925053 6925125 6925017 6924741 6924831 6924867 6925591 6925543 6924613 6924641 6925235 6924993 6924957 6925069 6924781 6924775 6924643 6925205 6924715 6924447 6925099 19324813 6924763 6925545 6925533 6925531 6925127 6924799 6924723 6924751 6924615 6925237 6925149 6924803 6924879 6924893 6924909 6925551 6924989 6924919 6925075 6925067 6925049 6925145 6925119 6925417 6925499 6925565 6925129 6924981 6925593 6925485 6924855 6924951 6925577 19323769 6924769 6924801 6924991 6924979 6924507 6925193 6925493 6925535 6924829 6924859 6924925 6924975 6925027 6924805 6924451 6925707 6925153 6924923 6924813 6925029 6924967 19321203 19323669 19323819 19323369 19321767 19323829 19321857 19323485 19323759 19322609 19322791 19323641 19324811 19322551 19321197 19324363 19322505 19322745 19323435 19321775 6925657 6924609 6924593 6924713 19324915 6925647 6925631 6925641 6925619 19320679 19323553 19322477 19320693 19322511 19322555 19322729 19323451 19324165 19323783 19322121 19320921 19321785 19323685 19323971 19321457 19324627 19323733 19321253 19321031 19324579 19320849 19320913 19321833 19322493 19322517 19321749 19321963 19324311 19323259 19323295 19322021 19323575 19320585 19322489 19322499 19322487 19322483 19322471 19322469 19322491 19320909 19323337 19322467 19323297 19321843 19321741 19322681 19323767 19323505 19323445 19322521 19322591 19322549 19322545 19322583 19322593 19322677 19322831 19324771 19320863 19322585 19322541 19320885 19323357 19323631 19323469 19322543 19320967 19324375 19323579 19322875 19324203 19323275 19324199 19323589 19322849 19322803 19322719 19322739 19321647 19324021 19322801 19321455 19322825 19324107 19323425 19324467 19322773 19321333 19324259 19321757 19321629 19322863 19324153 19322603 19321957 19322515 19322633 19322879 19324077 19324415 19321383 19325051 19321805 19323345 19324545 19323447 19322605 19323583 19321471 19321505 19322697 19322937 19321915 19324169 19321691 19321921 19321855 19322779 19320883 19323683 19322571 19322805 19322029 19322607 19324223 19321887 19324059 19322595 19322747 19322639 19322503 19322465 19323593 19323955 19322939 19324331 19322809 19322625 19322661 19324101 19324135 19321705 19323307 19322735 19323401 19323635 19321639 19321719 19320627 19323481 19322717 19322895 19322941 19322785 19323387 19321771 19322513 19322457 19322781 19322701 19321491 19322931 19322463 19323523 19323477 19322459 19324063 19324181 19321537 19323423 19322143 19321349 19322765 19324111 19324189 19321815 19322733 19322133 19320815 19323621 19323569 19323565 19323543 19323413 19322873 19324045 19322695 19321965 19322837 19324039 19322833 19322775 19323503 19320635 19320613 19320591 19322129 19320923 19320937 19320991 19324071 19322947 19322943 19322807 19324085 19321035 19320847 19320681 19320673 19320745 19320749 19324025 19324043 19323655 19323967 19322647 19322891 19322709 19320779 19322081 19322085 19323443 19323551 19323479 19323509 19324113 19323763 19323721 19324277 19322753 19322307 19322309 19320789 19320791 19323609 19323707 19324097 19324265 19321913 19324147 19322767 19323591 19323963 19322845 19324049 19321059 19323617 19323351 19321417 19320785 19321811 19321071 19321047 19321329 19321275 19320569 19321393 19321255 19323969 19320581 19321273 19321713 19320973 19321043 19320711 19321027 19320987 19321141 19321159 19321247 19321175 19321619 19321751 19323965 19320941 19321097 19321703 19321725 19321485 19320891 19322117 19322093 19321009 19320999 19321413 19321603 19321459 19321487 19321571 19323659 19321081 19320565 19323367 19321667 19321665 19321787 19323237 19320835 19321425 19321981 19321845 19321655 19321669 19321501 19320961 19320965 19322059 19321507 19321765 19321653 19323385 19321985 19322155 19321683 19322145 19321735 19320637 19321901 19321917 19321029 19321167 19320661 19321663 19321673 19321675 19321743 19323745 19323751 19321169 19323671 19323607 19323661 19322109 19321353 19320873 19320753 19320813 19320911 19320853 19322119 19320859 19322099 19321295 19321079 19321119 19321819 19320657 19320717 19323723 19323729 19323693 19324343 19320827 19323681 19322073 19320601 19320781 19321201 19323455 19320593 19320629 19321835 19320615 19324451 19324417 19324301 19320683 19320777 19323625 19323563 19320755 19320841 19320861 19321007 19320771 19320877 19323515 19323493 19323545 19323265 19321021 19321157 19320807 19322621 19321875 19321763 19320599 19320567 19321049 19321165 19321121 19320969 19321211 19323249 19320669 19320889 19323285 19322675 19322699 19321215 19321929 19321685 19321693 19321549 19322057 19324131 19323811 19323823 19323843 19323849 19323835 19320571 19321923 19324105 19324993 19321243 19321085 19320957 19321773 19324127 19321069 19323813 19323643 19323703 19320583 19320645 19323777 19323739 19323765 19323667 19321841 19320865 19321117 19321769 19324087 19323559 19323605 19323399 19323313 19320707 19320869 19321151 19323785 19323827 19321777 19321829 19323627 19321823 19320977 19321217 19321867 19323251 19321909 19321839 19320793 19320915 19323817 19321365 19321315 19321075 19321357 19321233 19323327 19323339 19323381 19323403 19321911 19321289 19321877 19321881 19322865 19321791 19320737 19320759 19321339 19321013 19321101 19321177 19323459 19324377 19324487 19322817 19323771 19321793 19321723 19320715 19320595 19323799 19323749 19323797 19321469 19321561 19320981 19321089 19322871 19328473 19324561 19324553 19324307 19324341 19321795 19323735 19321567 19321565 19320619 19321311 19324617 19325261 19324599 19323821 19321271 19324219 19321699 19321623 19321947 19324251 19324327 19324109 19323359 19323495 19321189 19323757 19324583 19324535 19325147 19320831 19320573 19321521 19321503 19323755 19323243 19321717 19323695 19321019 19324969 19324241 19324333 19321319 19321297 19323257 19323255 19321711 19323679 19324325 19324133 19324413 19321891 19322149 19321115 19320879 19323677 19323573 19321283 19324821 19324843 19324829 19321551 19320875 19323833 19323675 19324173 19324591 19324597 19324339 19320575 19321715 19321737 19321587 19321583 19321559 19320597 19320621 19321373 19321513 19321557 19321679 19321347 19320797 19320907 19321847 19320607 19320971 19321061 19321099 19324221 19324841 19324777 19324653 19324637 19324847 19324351 19323329 19325041 19324279 19324273 19324905 19324911 19324913 19324845 19324805 19321599 19324623 19324149 19324179 19324115 19324833 19324473 19324807 19324801 19324799 19324631 19324595 19324511 19324471 19324825 19324907 19324875 19324737 19324809 19324669 19324061 19324129 19324447 19324629 19313656 19324023 19324817 19323845 19324877 19324387 19324381 19324117 19324083 19324705 19324957 19324819 19324635 19324789 19324895 19324765 19324619 19324385 19324141 19324271 19324263 19324603 19324793 19324715 19324531 19321933 19321865 19324499 19324675 19323277 19323411 19324791 19324625 19324729 19323283 19324367 19328355 19324431 19324501 19324051 19324423 19325131 19324643 19322905 19324523 19324353 19324287 19324575 19324795 19322885 19324837 19324857 19324891 19324493 19324257 19324233 19324329 19324397 19324859 19324689 19324345 19324483 19315342 19324461 19322777 19324065 19324903 19324663 19324831 19324409 19323789 19323807 19323491 19323601 19321975 19324853 19324661 19321973 19323349 19323281 19323837 19323831 19324559 19322187 19315110 19314098 19314100 19312798 19312718 19312792 19313282 19312836 19314400 19315002 19322287 19312716 19322237 19312888 19314104 19313664 19314132 19313256 19313162 19314390 19315104 19314516 19314430 19313112 19312868 19315302 19313762 19324093 19322181 19312926 19312766 19324121 19324211 19324613 19324721 19324491 19324509 19324621 19324041 19324187 19324255 19324323 19313010 19313016 19313014 19312714 19313050 19313794 19315096 19312852 19313616 19312972 19313706 19313126 19313116 19313072 19313100 19314126 19314112 19314642 19314414 19314404 19313006 19313536 19312996 19312922 19313526 19314124 19314394 19312780 19312838 19312826 19314114 19312668 19312666 19312664 19313576 19315140 19312848 19313530 19312686 19312696 19313562 19313524 19313102 19312890 19314122 19314948 19315362 19314284 19314116 19313880 19312742 19312706 19312712 19312740 19312728 19313052 19313244 19313186 19314804 19314978 19314940 19313054 19314120 19313568 19313604 19315000 19314926 19313198 19313624 19313618 19313404 19313436 19312800 19313312 19314834 19314848 19315520 19315042 19315058 19313586 19313588 19314600 19312754 19312762 19313380 19313224 19313194 19313158 19313114 19312674 19312980 19312904 19313338 19314992 19315082 19312910 19312724 19313118 19313630 19315138 19313424 19313226 19314922 19313108 19312998 19313018 19313110 19312854 19313092 19313024 19312908 19314406 19313608 19314420 19313354 19313222 19313730 19312954 19313170 19313202 19313130 19313106 19313800 19314296 19313806 19313602 19313254 19313454 19313492 19313824 19313146 19313710 19313386 19313196 19313642 19314156 19313934 19313430 19313274 19314128 19313128 19313060 19313324 19313398 19313510 19313500 19312960 19313350 19313076 19313232 19313316 19313402 19313480 19313508 19314938 19312898 19313008 19313056 19313882 19313884 19313874 19313916 19313938 19313960 19313478 19312976 19313814 19313134 19313650 19312886 19313494 19313516 19314150 19313600 19313520 19313444 19313558 19313572 19313212 19313238 19313636 19313578 19313638 19313676 19313972 19314078 19314006 19313472 19313598 19313560 19312932 19313654 19313772 19313804 19313652 19312924 19313852 19313674 19313778 19313474 19313466 19313716 19313668 19313662 19313144 19313438 19313396 19313878 19315220 19313204 19314456 19313370 19314914 19314878 19313984 19314298 19315234 19315230 19315216 19313264 19313760 19313122 19314906 19314904 19314942 19313304 19313214 19315320 19313888 19313160 19313038 19312940 19313890 19315090 19314492 19315244 19315258 19315304 19315306 19313802 19313590 19313574 19313240 19313220 19313838 19314970 19315088 19313218 19313178 19314894 19315338 19313272 19315528 19315526 19314472 19314490 19313358 19314016 19313216 19313532 19315394 19313696 19312938 19313788 19315288 19315400 19315340 19315402 19312756 19313470 19313828 19313566 19313518 19312896 19313550 19313258 19313614 19313022 19312738 19312768 19312730 19313166 19313210 19313660 19313892 19312958 19312764 19312720 19315312 19313228 19313086 19315152 19315194 19314464 19314880 19314876 19313206 19314540 19314522 19314030 19313810 19314890 19314466 19314556 19314932 19315054 19314468 19313776 19313658 6930008 19314542 19313738 19314760 19314548 19313982 19315176 19315240 19313694 19313932 19313908 19315158 19315206 19315132 19313796 19315166 19315522 19314790 19314008 19315154 19315162 19315094 19313298 19314458 19312860 19314520 19313816 19313910 19314518 19313798 19313306 19314512 19313978 19314018 19314836 19314916 19314856 19315358 19314010 19315598 19313914 19314508 19314578 19315150 19315184 19314566 19315174 19315044 19314952 19314768 19314860 19315620 19314032 19314514 19314536 19315200 19315374 19314930 19315164 19313954 19314158 19313854 6929740 19315618 19315016 19315172 19315146 19313956 19312962 19314470 19314562 19315118 19315026 19315426 19314576 19314568 19314152 19313666 19313780 19315074 19315424 19315102 19314022 19315070 19315616 19312846 19315050 19314546 19315122 19314118 19312828 19312832 19314038 19314058 19313990 19315056 19315032 19314766 19313996 19313610 19313672 19313268 19315030 19314574 19315148 19314002 19312878 19312884 19312952 19312834 19313930 6928708 19314418 19314596 19314392 19313410 19314428 19314442 19314598 19314450 19314446 19312820 19314092 19314454 6929616 6929668 6929964 6928868 6929472 6929542 6928116 19313184 19314424 6929296 6929742 6929800 6928650 6929194 6928916 6928890 6928598 19314416 6928826 6928858 6929022 6929540 6928342 6929480 6929810 6928776 6928872 19314422 19314594 6928660 6928632 19314402 19314448 6929670 6928712 6928540 6929728 6928136 6929790 6929806 6928426 6928476 6929762 19314608 19315392 19315294 19314888 6929858 19314818 19315310 19315280 19315210 19315290 19315278 19315378 19315376 19314840 19314440 19313926 19315602 19315524 6928112 6928076 6929496 6928286 6928494 6929260 6929350 6928918 6929466 6929562 6928506 6928040 6929492 6929020 6928292 6929714 6929490 6928914 6929590 6929246 6929242 6929588 6929554 6929572 6928006 6929798 6928190 6929286 6928092 6929450 6929460 6929690 6929146 6929524 6929330 6929598 6929596 6928242 6928216 6928228 6929612 6929900 6928462 6929432 6928866 6929672 6929658 6928352 6928376 6928584 6928590 6928562 6928468 6928578 6929418 6928592 6929538 6929520 6929468 6930000 6929632 6929614 6928478 6928474 6928072 6929654 6928300 6928470 6928330 6928368 6928328 6929500 6928580 6929850 6928196 6928022 6928298 6929750 6929768 6929720 6929718 6929748 6929752 6929400 6928088 6928068 6928178 6928296 6928276 6928332 6928386 6928392 6928270 6928992 6928120 6928892 6928010 6929712 6928236 6928482 6928422 6929844 6929824 6929854 6928106 6928056 6929532 6928024 6928210 6929010 6928280 6928320 6928164 6928028 6928984 6928166 6929934 6929862 6929898 6929960 6929438 6929990 6929444 6929220 6928780 6928850 6930018 6930016 6929978 6929986 6929802 6929966 6929940 6928364 6929056 6928932 6928830 6928954 6929174 6929262 6929244 6928438 6929534 6929294 6929988 6929414 6929274 6929292 6929448 6929736 6929218 6929298 6928822 6928908 6928720 6928836 6928824 6928818 6928944 6929674 6928304 6929662 6928920 6929944 6929026 6929994 6929640 6929786 6929650 6929442 6929758 6929796 6929344 6929980 6929404 6929816 6929914 6929392 6929282 6928854 6929462 6929160 6929140 6929730 6929314 6929252 6929470 6928696 6930012 6928360 6929952 6928694 6928692 6928684 6928670 6928856 6929420 6929390 6929284 6929184 6929600 6928764 6929580 6928804 6928746 6928816 6929338 6929760 6929834 6929386 6929346 6929058 6928888 6929216 6929950 6929166 6929034 6928652 6929924 6929866 6928976 6928602 6930024 6929864 6929852 6928704 6929804 6929564 6929158 6928344 6928664 6929642 6929746 6929560 6929196 6928942 6928862 6928730 6929946 6929498 6928498 6929254 6928310 6929190 6929030 6930014 6929320 6928552 6928958 6928956 6928946 6929530 6929968 6928510 6928492 6928380 6929618 6929454 6928666 6929872 6928528 6928990 6928054 6928150 6928132 6928082 6928162 6928180 6928634 6928192 6928208 6929130 6928204 6928206 6928248 6928964 6928260 6928322 6928288 6928000 6928308 6928074 6928098 6928008 6928998 6928988 6928002 6928126 6928374 6928432 6928448 6928488 6928612 6929610 6929606 6928036 6928048 6928066 6929884 6929832 6929818 6928500 6928532 6928690 6928576 6928606 6928604 6928372 with 1 link
120 most connected regions:
6884178 6886018 6887336 6891998 6889888 6892218 6891440 6885628 6885606 6886376 6885718 6885766 6885794 6885740 6891574 6888436 6885980 6885122 6885664 6885564 6890058 6897700 6887426 6905989 6887320 6887182 6908269 6908957 6908929 6909739 6909937 6909883 6910187 6909817 6907689 6909337 12105582 12105748 6906551 12105692 12103612 12104428 12103746 12104852 12106632 12106400 12105642 12106312 4547572 4546974 4549126 4549284 4547190 4549038 4545988 4545814 4545930 4545964 4546486 4546344 4545738 4546080 4546350 4547830 4545808 4546064 4546146 4546030 4546002 4549186 4546302 19321593 19321411 19321919 19321435 19321517 19321483 19320929 19320731 19321039 19321445 19321041 19320985 19321377 19324217 19321235 19323513 19321133 19321125 19322127 19321401 19321123 19321227 19321885 19321033 19320653 19321661 19328399 19325121 19320925 19328381 19320955 19325231 19314908 19321323 19314134 19314538 6928774 6928772 6928654 6928884 6928812 6929224 6928430 6929918 6928758 6928656 6928636 6928542 6929894 with 4 links
