Neighbour list object:
Number of regions: 14494 
Number of nonzero links: 28992 
Percentage nonzero weights: 0.01380072 
Average number of links: 2.000276 
56 regions with no links:
9052229 9052309 9049403 4741787 4740119 4741317 4741907 4741905 4752280 4751340 4752842 4754276 4754288 4582242 4581536 4582752 4582364 4581492 4581500 4582464 4582216 11049460 11049422 9054901 8970388 8969338 8974928 8969714 8969064 8975318 8974624 8969420 8969344 8970640 8972582 8969354 8971382 15444487 15445031 10218880 9049117 6876161 6876207 6876111 6876143 6877123 4740513 4740511 4741699 4739963 4742361 4740023 4739201 4737661 3805031 3805033
Link number distribution:

   0    1    2    3    4    5 
  56 5030 4428 4816  162    2 
5030 least connected regions:
9049935 9049143 9050311 9049663 9052357 9052363 9050053 9049215 9052231 4740759 9049959 9049381 9050265 9050303 9049905 9050799 9049409 9049955 9049863 9053201 9050031 9049271 9050749 9049931 9049821 9049655 9049225 9050043 9049285 9049951 9049211 9052259 9049383 9049741 9049149 9049121 9049889 9049625 9050717 9050013 9050047 9049923 9052207 9052209 9049991 9050907 9049915 9049901 9049147 9052137 4740685 9049263 9049615 9049113 9049997 9049977 9049775 9049907 9051659 9049831 9052419 9049231 9050917 9050157 9049171 9049963 9052341 9050793 9050915 9049895 9049919 9049759 9050913 9052403 9050905 9049811 9049749 9050235 9049631 9050747 9049673 9052369 9052285 9049679 9050105 9050791 9052359 9052201 9050177 9053133 9052371 9050273 9049223 9050267 9049929 9049683 9053047 9049687 9052227 9050751 9049735 9049699 9050719 9049183 9050921 9052219 9049933 9049375 9050307 9049681 9049283 9050153 9052389 9049689 9052135 9049217 9050089 9049173 9049179 9049987 9049695 9051671 9049989 9050309 9049711 9049995 9049967 9049281 9049127 9049723 9052451 9049713 9052163 9049657 9050919 9050025 9050041 9049185 9053049 9049729 9049757 9050911 9050279 9050005 9049793 9052387 9049661 9049221 9052223 9049903 9050195 9050223 9052361 9049985 9050015 9049629 9049727 9053053 4740793 4740803 4740221 4740859 4741063 4741007 4740555 9051697 4740927 4740495 9051709 4740335 4740327 4740053 4740055 9051805 4740629 4740065 4740001 9051715 4740269 9051845 4741237 9051691 9051781 4740557 4741127 4740533 4740313 4741819 4740199 4740215 4740771 9051729 4739957 4740009 4740627 4740585 4740301 9051787 4740315 4740455 4740429 9051681 4740249 4741329 4741137 4740563 4740361 4740761 9051667 4740971 4741855 9051721 4740317 4742363 4740593 4740581 4740625 4740617 4740691 4741821 4740579 4740487 4740153 4741853 4740935 4740797 4741879 4740591 4740403 4741335 4740017 4739987 4740303 4740745 4741817 9053191 4741823 4740381 4741145 4740339 4741223 4741757 4740765 4741027 4741719 4740687 4740235 4741869 4740485 4741887 9051663 4742137 9051701 4740723 4741825 4740457 4740529 4740853 4740169 4740165 4740163 4740669 4740939 9050023 9051965 9051743 4741759 4740663 4741221 4741283 4740237 4740191 4740913 9051761 4741339 9051703 9051727 4740613 9051723 9051713 4740257 4740683 4740131 4740139 4740965 9049979 4740651 4740587 4740471 4740709 4741827 4740103 9051819 4740733 4740705 4741769 4740631 4742199 9051809 9051785 9053195 4741083 4741069 4740003 4739997 4741021 4740415 4740871 4740395 4740253 9051777 9051849 4739889 4740817 4740947 4741011 4741259 4740159 4741303 9051879 9051929 9051913 4740721 4740993 4741023 4740177 4741361 9051733 4740739 4740577 4739723 4740085 4741035 4740681 4741033 4740955 4740405 4741631 4741499 4741085 4741305 4741051 4741575 4737667 4741511 4741443 4741429 4741407 4741349 4741579 4741471 4741903 4741857 4741293 4740995 4740933 4741323 4741655 4741291 4741891 4741251 4741423 4740879 4741231 4741453 4741583 4740997 4741215 4741217 4741209 4741309 4741393 4741543 4741549 4741643 4740991 4741897 4741571 4740943 4741553 4741195 4741049 4741025 4740881 4741351 4742285 4740795 4741807 4741015 4741455 4741865 4742373 4741337 4741467 4741623 4741327 4742375 4741803 4741367 4741867 4740973 4741595 4741649 4741079 4741793 4741889 4741371 4740963 4741791 4741203 4741269 4741395 4741379 4739765 4741155 4741325 4741617 4740755 4741529 4741199 4741115 4741151 4741273 4741201 4741363 4741503 4741567 4739905 4741097 4741841 4741845 4741183 4741517 4741641 4741359 4742367 4741911 4741639 4738705 4741801 4737663 4741105 4741835 4741113 4741833 4740875 4740985 4740907 4741789 4741059 4741267 4741605 4740909 4740957 4741419 4741653 4741651 4741247 4741809 4741281 4741313 4741377 4741831 4741829 4741871 4740861 4740863 4741061 4742365 4741253 4737239 4741559 4741873 4741885 4741431 4741541 4740051 4736929 4741347 4741621 4741813 4741633 4738809 4741663 4741657 4741587 4741629 4742369 4740657 4751406 4751644 4752662 4754672 4753852 4755326 4753248 4753536 4751490 4752078 4754616 4752228 4754116 4752186 4752270 4752352 4752162 4754356 4752296 4752732 4753688 4752084 167484272 4751670 4754286 4754940 4754266 4753400 4752110 4751588 4752246 4751610 4752282 4752142 4752254 4754392 4754078 4753502 4754012 4752150 4752304 4752260 4751718 4752172 4752310 4754880 4751392 4753258 4752200 4751702 4752726 4752302 4754004 4752136 4753042 4752066 4753986 4754008 4754460 4752308 4754512 167484260 4753202 4752746 4754682 4752196 4752292 4752436 4753526 4754064 4752198 4752372 4752184 4753602 4753114 4754654 4751450 4752714 4751614 4754380 4753118 4752126 4754034 4752130 4752252 4752104 4751650 4751596 4754102 4752002 4752116 4752122 4751396 4751296 4751604 4752034 4751358 4751668 4751468 4752438 4754138 4751306 4751284 4752600 4752624 4752630 4754124 4752152 167484275 4752042 4752592 4751278 4751534 4751594 4751628 4752166 4751274 4752560 4751622 4751476 4752164 4751290 4751390 4751438 4751544 4751282 4751620 4751684 4751648 4752156 4752154 4751400 4751486 4751276 4752010 4751432 4752020 4752102 4752134 4751500 4751576 4751514 4751540 4751560 4752236 4752224 167484273 4751388 4751626 4751600 4754114 4751426 4751520 4754170 4751462 4752080 4751526 4751572 4751634 4751680 4753626 4751502 167484277 4751300 4753844 4752702 4752210 4751606 4752144 4754152 4751744 4751608 4752140 4752132 4751494 4753426 4752692 4752032 4752056 4751504 4752088 167484287 4752648 4752626 4752604 4752636 4752696 4751658 4751530 4751550 4752028 4751308 4751470 4752674 4751466 4754154 4754040 4754952 4752268 4751320 4751662 4752700 4752676 4754082 4754092 4752440 4752278 4752054 4751316 4752000 4752012 4751458 4751430 4751404 4751408 4751394 4751334 4754518 4751704 4751366 4751350 4751660 4751710 4751536 4751444 4754016 4754070 4754098 4754086 4754094 4751380 4751378 4751382 4751656 4754090 4752264 4754038 4752024 4751464 4754130 4751372 4751398 4751586 4751676 4751442 4751454 4752072 4752068 4752074 4754816 4754088 4751978 4752030 4751424 4751688 4751538 4751298 4754080 167484281 4752220 4752176 4752114 4752064 4752274 4752542 4753642 4753456 4752936 4753268 4753144 4753238 4753012 4753028 4752986 4753240 4753266 4752844 4752796 4752794 4752788 4752870 4753018 4752992 4752994 4752832 4753150 4754408 4754376 4754530 4754528 4752846 4752978 4752944 4752658 4754474 4752864 4752970 4753678 4753676 4752790 4752982 4753044 4754462 4753674 4752876 4752782 4752744 4752748 4752830 4754522 4754524 4753092 4753078 4753186 4754430 4754804 4754806 4752960 4752952 4752946 4752850 4754120 4752750 4752698 4752754 4753152 4754440 4753142 4754432 4754808 4752918 4752958 4753640 4752974 4752956 4752938 4752922 4752900 4753634 4752806 4753204 4754472 4754100 4752728 4752812 4753076 4754140 4752896 4752860 4752776 4752734 4753080 4753058 4752684 4753632 4754550 4754532 4754136 4754106 4754108 4752880 4753108 4753464 4754162 4755034 4752556 4752670 4752688 4751666 4753112 4754810 4754492 4754498 4753682 4753252 4753110 4754190 4754486 4753654 4753656 4753650 4754506 4754214 4754228 4752720 4752764 4753666 4753194 4753664 4753166 4754496 4752758 4752716 4752784 4752818 4753320 4752898 4752622 4755040 4754226 4753208 4753134 4753662 4752852 4752932 4752914 4753730 4754160 4754180 4754150 4754144 4754146 4752996 4753004 4752916 4752608 4752836 4752804 4752706 4752664 4752666 4753314 4754514 4754464 4754468 4751632 4754458 4754310 4754298 4753708 4754800 4754330 4754324 4755036 4755318 4755290 4754456 4753246 4753290 4753562 4753612 4753586 4754236 4753430 4755274 4755344 4754368 4753488 4755278 4752912 4752962 4755270 4753616 4753572 4753574 4753578 4753560 4754998 4753468 4753582 4753584 4754410 4752894 4754422 4755276 4754372 4754454 4753606 4754688 4754676 4754674 4754352 4753436 4753514 4753712 4754382 4755266 4758066 4753062 4754328 4753054 4753518 4753474 4753490 4753494 4753524 4754340 4754334 4755342 4754434 4754416 4753544 4754670 4754666 4754646 4754632 4754624 4753460 4754360 4755320 4755038 4753068 4753102 4753174 4755316 4753216 4753484 4753482 4753424 4753432 4753374 4754316 4754374 4754508 4754208 4753670 4753180 4753206 4753220 4753188 4754424 4753330 4754218 4754198 4753256 4753364 4753362 4754558 4754596 4754606 4754610 4754452 4753356 4753332 4753346 4753478 4753352 4754638 4753686 4753690 4753260 4754664 4753384 4753380 4753404 4753322 4753390 4753700 4754662 4754668 4754652 4754648 4754642 4754618 4754644 4754622 4754604 4754344 4753422 4754390 4754398 4753376 4753528 4753542 4753530 4753702 4753418 4754418 4753296 4753294 4753250 4753276 4753272 4753298 4754420 4754404 4753532 4753592 4755346 4753420 4754600 4754590 4754548 4754544 4754560 4754542 4754370 4754402 4755306 4754428 4753326 4753316 4753848 4753366 4754436 4755314 4753706 4753302 4753280 4754384 4753846 4752594 4751714 4758070 4581540 4758068 4582360 4582710 4753812 4751672 4754112 4754156 4754166 4754128 167484284 4754264 4754284 4582782 4582422 4754294 4754234 4754202 4754172 4754188 4754204 167484279 4581456 4754256 4754252 4754796 4754798 4582800 4581522 4754312 4754326 4754300 4754802 4582594 4582796 4582624 4581750 4581568 167484321 4582798 4582520 4582452 4582266 4581720 4581670 4581668 4582776 4582522 4582534 4582640 4581650 4582616 4581752 4581604 4582714 4582440 4582746 4581626 4582366 4582740 167484304 4581676 4581550 4582678 4582434 4581924 4582790 4582792 4581584 4582674 4582354 167484312 4581556 4581726 4581458 4581504 4582392 4582668 4582596 4581552 4583130 4581520 4582508 4582646 4582728 4582492 4581742 4581728 4581722 4582626 4581636 4582964 4581474 4581820 4582778 4582992 4582672 4582684 4581460 4582706 4582676 4581886 4583142 4582604 4581548 4581680 4581656 4581518 4582606 4582002 4581600 4582662 4581596 4581580 4582784 4581666 4582592 4582638 4582758 4582568 4582500 4581588 4581558 4582188 4582004 4581644 4582220 167484303 4582530 4582590 4581614 4582978 4581628 4581830 4581594 4582618 4582988 4581906 4582786 4581524 4582648 4582610 4582682 4582692 4582404 4581564 4581694 4581738 4581712 4582456 4581526 4582418 4581468 4581470 167484331 4581482 167484337 4581664 4582774 4582738 4582772 4582726 4582326 4581818 4581464 4583144 4582386 4583140 4581544 4582980 167484302 4582410 4581496 4581812 4582444 4582686 167484339 4582696 4582394 4582384 4582962 4581454 4582000 4581450 4581448 4582780 4582368 4582718 4583136 4582888 4582322 167484318 167484308 167484306 4581778 4581754 4582194 4582184 4582250 4581874 4582348 4582280 11049400 4581704 4581618 4582872 4582358 167484316 4582328 4582318 4582310 4582338 4582382 4581542 167484300 4582236 4583118 4582294 4582518 4582582 4582956 4582352 4582204 4582192 4582886 4582350 11049042 4582356 167484327 167484329 4582390 4582398 4582270 4582362 4582914 11048922 4581508 4582252 4582224 4582906 4582412 167484335 4582428 4582458 4582214 4582868 4582898 4582450 4583138 4581608 4581734 11049570 4582494 4582542 4582538 4582874 4582870 4582288 4582438 4582436 4581774 4581514 4582226 4582876 4581718 4582468 4582246 4581486 4581840 4582498 4582432 4582420 4582970 4582968 4582586 4581764 4581744 4582006 11049982 4581740 4582212 4581590 11050002 4582484 4582486 4582472 4582474 4582234 4582196 4583040 4582544 4582512 4582402 4582210 4582258 4582284 4581674 4581688 11049302 4582510 4582526 167484320 11049238 11049764 11048948 11048984 11050376 11049286 11049372 11049110 11049796 11050676 11049246 11049342 11050542 11049020 11049440 11049888 11050360 11049636 11049590 11049510 11049592 11049402 11049340 11049616 11050322 11050312 11049454 11049794 11048982 11049430 11049306 11049578 11049572 11049542 11049526 11049332 11049344 11049496 11049484 11049148 11049652 11049620 11049532 11048930 11048990 11049284 11049396 11049366 11050276 11050338 11049662 11049482 11050074 11049602 11048928 11048932 11049734 11049050 11049552 11049370 11049524 11049698 11049608 11049660 11049846 11049902 11049674 11049658 11049488 11049432 11049406 11049614 11049260 11049354 11048924 11049388 11049498 11049584 11049228 11049038 11049408 11049604 11049360 11049312 11050306 11049414 11049404 11048942 11049708 11049714 11049622 11049300 11049304 11049694 11049438 11050330 11050302 11050300 11049204 11049886 11048926 11049648 11049434 11050294 11050286 11050278 11050282 11049214 11049220 11049642 11049052 11049324 11049490 11049122 11049160 11049126 11050258 11049724 11048978 11050072 11049346 11049582 11049170 11049222 11050284 11049382 11049442 11049394 11049266 11049634 11049318 11049416 11049374 11049996 11049458 11049294 11049338 11049384 11049656 11049800 11049512 11049862 11049134 11049158 11049838 11049150 11049854 11049852 11049280 11050846 11049240 11049036 11049230 11049232 11049136 11049282 11049234 11049218 11050564 11050562 11049002 11050318 11050310 11050572 11050574 11049120 11049180 11049184 11049146 11049132 11049100 11049978 11049102 11049116 11050552 11049358 11049348 11049612 11050558 11050502 11049630 11049632 11049094 11049040 11050512 11048994 11049008 11048980 11049740 11049738 11049736 11049866 11049216 11050496 11049918 11050488 11050672 11049664 11049066 11049078 11049118 11049610 11049730 11050524 11049702 11049710 11049502 11048988 11048972 11049474 11049288 11049882 11049858 11048934 11050554 11050674 11050536 11049760 11050528 11049476 11049206 11049208 11049194 11049174 11049722 11049912 11049726 11049766 11048914 11048912 11049520 11049254 11049182 11049164 11049668 11048936 11048910 11049696 11049904 11049840 11049554 11050076 11050504 11049772 11048974 11049856 11050532 11049024 11048954 11049056 8972742 8972886 9051893 9051915 9051807 9051757 9051763 9051897 8972986 9050243 9053045 9051771 9051939 9051813 9051745 9050777 9050113 9050779 9050171 9050183 9051817 9051883 9051871 9050249 9050173 9051885 9050215 9050145 9050165 9051825 9052287 9051815 9053203 9052167 9052225 9051931 9051747 9051717 9052149 9051847 9051859 9051855 9051861 9051731 8974042 9051865 9051793 9051925 9052873 9051769 9053303 9053079 9052465 9052437 9052937 9053077 9053355 9052457 9052965 9052113 9053197 9053025 9052933 9052011 9052443 9052917 9052839 9052833 9052901 9052397 9052039 9052217 9053365 9052401 9053205 9052367 9053099 9051783 9052329 9053375 9052827 9052867 9052829 9053061 9052267 9052129 9052195 9052249 9053407 9052473 9052427 9053075 9053057 9052281 9052787 9052823 9052777 9052109 9052687 9052263 9050547 9052521 9052771 9052713 9052755 9052197 9052191 9052983 9052953 9052313 9052785 9053073 9050639 9052405 9052677 9052247 9052143 9052111 9052173 9050357 9050461 9054903 9053071 9052613 9052533 9052453 9052553 9054911 9053003 9054909 9052099 9052075 9052101 9052057 9052021 9053199 9055055 9052681 9052689 9052599 9052055 9052989 9052835 9053301 9052415 9053069 9052967 9052077 9052601 9052127 9053039 9051979 9052955 9052693 9052691 9052701 9052587 9053083 9053089 9052661 9052027 9053033 9052763 9053307 9052103 9052927 9052957 9051991 9051975 9052023 9052003 9051987 9051973 9051967 9051949 9053327 9053313 9051853 9052327 9052251 9052685 9052573 9052695 9052719 9052841 9052871 9052869 9053031 9052987 9051907 9053063 9052375 9053357 9053385 9051935 9051957 8969658 8970378 8975600 8970126 9053323 9052395 9052797 9052723 9053005 8970860 8967990 8968836 8971214 8969052 8970016 8969708 8969576 8969554 8970520 8970758 8968898 8970500 8969880 9050579 9050567 9050375 8969702 9050447 8970432 8980350 9050409 9050435 9050489 8970352 8970412 9050525 8970628 8974384 8973080 8975630 8974040 8969116 8968658 8969054 8974030 8970928 8973370 8975132 8975256 8971476 8970112 8971268 8975130 8969130 8971496 8970120 8972314 8972028 8969128 8975170 8969834 8972982 8972450 8969564 8969476 8969278 8974214 8970464 8969046 8969584 8969452 8970530 8975498 8969068 8970570 8968534 8969582 8971980 8972670 8972888 8969336 8974934 8972394 8970954 8975406 8969034 8975060 8970904 8969060 8969162 8972254 8969798 8969720 8975236 8975290 8972022 8970118 8970466 8975274 8975648 8975642 8969710 8975100 8975168 8975220 8975520 8975126 8975424 8974918 8973616 8975654 8975726 8969656 8975004 8975362 8971246 8974930 8975722 8974980 8974990 8975334 8975116 8974974 8975610 8975052 8975062 8975094 8975490 8970420 8975658 8975102 8975128 8975082 8975464 8970382 8975724 8968536 8975720 8974922 8975380 8975472 8975034 8975148 8972086 8975504 8975644 8970362 8975162 8975460 8970350 8974964 8972610 8975040 8975488 8975036 8974970 8975526 8969716 8969674 8975382 8975392 8975216 8973986 8975014 8972156 8970386 8975214 8975252 8973870 8970356 8974932 8972732 8975514 8975348 8975166 8969724 8973692 8972762 8975398 8975728 8974962 8975160 8973030 8975512 8975532 8975528 8975198 8968946 8975050 8974944 8974920 8974978 8974994 8974976 8975628 8975150 8975056 8968614 8975074 8975044 8975502 8975018 8975124 8970516 8974006 8975016 8969038 8969106 8968632 8969158 8969236 8969206 8969706 8969062 8975122 8968992 8968540 8968998 8969090 8970360 8969804 8969316 8969204 8969058 8969694 8969114 8968790 8970114 8969004 8970344 8969298 8968876 8969184 8971220 8968986 8969836 8968682 8968736 8968732 8968700 8970342 8970130 8968802 8969048 8968744 8971198 8975250 8969088 8968846 8968892 8968950 8969840 8968718 8969220 8975092 8971396 8971748 8971866 8969764 8968906 8968644 8970340 8969120 8969168 8969022 8968610 8968832 8968826 8969314 8968924 8970116 8970128 8969742 8968934 8969050 8969098 8969094 8968822 8968778 8968880 8969752 8969736 8969186 8968558 8968984 8974264 8971642 8971286 8971006 8969070 8968760 8971260 8971218 8971244 8975010 8969678 8968582 8969274 8968894 8971364 8971938 8969654 8968804 8968612 8969760 8968980 8969040 8968738 8968690 8968680 8968706 8968708 8968890 8968904 8969086 8968656 8968628 8968648 8968552 8968734 8968862 8968888 8975626 8975096 8975098 8968758 8968714 8968704 8968606 8968652 8969026 8969032 8972140 8972276 8969680 8968782 8968854 8968626 8968650 8968594 8968964 8968740 8969154 8968638 8975194 8975196 8975208 8969104 8974954 8968602 8969726 8975308 8975258 8975314 8969006 8968930 8975632 8975118 8969740 8969202 8968720 8968538 8968794 8970348 8969234 8969076 8968976 8968824 8968766 8975192 8975238 8975188 8975370 8969516 8970908 8974292 8970800 8971224 8970512 8971754 8971492 8971412 8972014 8971900 8971844 8972230 8969468 8971784 8971752 8969538 8970510 8970474 8971974 8971640 8974262 8972124 8971048 8971554 8969536 8971804 8971034 8970812 8970916 8971618 8974246 8971248 8971538 8974318 8971936 8972370 8972264 8970492 8971042 8971252 8971414 8971052 8971130 8971540 8972304 8972222 8970506 8970504 8971028 8971086 8969530 8969528 8969372 8972162 8972212 8969444 8971684 8969560 8969580 8974270 8974240 8969364 8969126 8969074 8972236 8970786 8969540 8971486 8969578 8971470 8971910 8972016 8971254 8971926 8969382 8969366 8970808 8969188 8971776 8971450 8971084 8971164 8971904 8969092 8969182 8972026 8971146 8971792 8971534 8969122 8969750 8969228 8971960 8971838 8972042 8969518 8971670 8970826 8970872 8971030 8969282 8969198 8969246 8971946 8969574 8970502 8972068 8971698 8969770 8969422 8969778 8969972 8969470 8969272 8969304 8969426 8969504 8972294 8971210 8971266 8971378 8969216 8971484 8971686 8971426 8971284 8969332 8969232 8969230 8973966 8972130 8972044 8971664 8971566 8969446 8970508 8972122 8971854 8971208 8973574 8973416 8970636 8973354 8971702 8970924 8973500 8974032 8974052 8974206 8971368 8971080 8971810 8974188 8969020 8968884 8971020 8971126 8968746 8970122 8973526 8974438 8973978 8974038 8973808 8974416 8972930 8972448 8974392 8973736 8972500 8973874 8973744 8973576 8974204 8972312 8972410 8973206 8972900 8974020 8974342 8972654 8972688 8972700 8970596 8974016 8972876 8974102 8973866 8972626 8972672 8972724 8972760 8973608 8974160 8974172 8973404 8973122 8972984 8972764 8973586 8973082 8974396 8973620 8973938 8973470 8974050 8972600 8972528 8970614 8970616 8972870 8973072 8972908 8972800 8973722 8973900 8970592 8973764 8974630 8974186 8973964 8973726 8973642 8973918 8974112 8974336 8972590 8972566 8972652 8970588 8974192 8974212 8973940 8972796 8970622 8973448 8973294 8973412 8973782 8974184 8973230 8972568 8972346 8973384 8972758 8973950 8972492 8972144 8970626 8974400 8974398 8972174 8973858 8974140 8973868 8973748 8973762 8973892 8973860 8972408 8973044 8973670 8974440 8973738 8974088 8972182 8970936 8972676 8973598 8973646 8973290 8973142 8973994 8970590 8972622 8972472 8972502 8971562 8971560 8971708 8973468 8973844 8972332 8972468 8973568 8973796 8974114 8971834 8971972 8972126 8972120 8973386 8973740 8973282 8973934 8973754 8974028 8969586 8972366 8972274 8972214 8972178 8973680 8972706 8974182 8974278 8971970 8971952 8971848 8974306 8973678 8972540 8973830 8974012 8974134 8972078 8971336 8973592 8971442 8971334 8969370 8971624 8971242 8972038 8972260 8972446 8973174 8972066 8971658 8972466 8971766 8969408 8972768 8972514 8971736 8971942 8969450 8969438 8969472 8970948 8970962 8972348 8970920 8969598 8972364 8969390 8973074 8972834 8973414 8972912 8972902 8973186 8971764 8972838 8972782 8972336 8972740 8972010 8972882 8972770 8971986 8971072 8972952 8971874 8972180 8972504 8972316 8971016 8971746 8972628 8972710 8972382 8972334 8969592 8973008 8971326 8974252 8972420 8972148 8972620 8972506 8970564 8970518 8970522 8972058 8972608 8971878 8973310 8971294 8971090 8970966 8971222 8971174 8971342 8972828 8971064 8972794 8972780 8972328 8972490 8970552 8970532 8973426 8971516 8971920 8970586 8970582 8971908 8971718 8971464 8974648 8972572 8971646 8969524 8972738 8970574 8970568 8970578 8973098 8972644 8971762 8973114 8973244 8973258 8972488 8972646 8972638 8969480 8972436 8972110 8973972 8971846 8971786 8972384 8972552 8972432 8972716 8973050 8972530 8972342 8971710 8971742 8972034 8971890 8973094 8972256 8973096 8973092 8970104 8972936 8971438 8972056 8973532 8974420 8973280 8974316 8973042 8974288 8969342 8969432 8970900 8972002 8972618 8969454 8969380 8971660 8973146 8973240 8973324 8969774 8971124 8972278 8972310 8971024 8973024 8973756 8972690 8972642 8971602 8971088 8971580 8972942 8972980 8969392 8969250 8971154 8972852 8972926 8972630 8973896 8971636 8971502 8973822 8969788 8974004 8972526 8975486 8972576 8972508 8972402 8972194 8973144 8972928 8971050 8972542 8973654 8973676 8969196 8969570 8972570 8972306 8973544 8971346 8973120 8973614 8973552 8973326 8971274 8974142 8974108 8972470 8972486 8972464 8973170 8972920 8972596 8974430 8974628 8973176 8971576 8969386 8969418 8972378 8973106 8970910 8969378 8974428 8973712 8972344 8972108 8972114 8972790 8971468 8971302 8973424 8969744 8973028 8969802 8972430 8969172 8974056 8972164 8972074 8971978 8969352 8970988 8971046 8974626 8972198 8972170 8973308 8969160 8972476 8975492 8973126 8969448 8969466 8971022 8974426 8971172 8973556 8969312 8971504 8969456 8972860 8970930 8970894 8973850 8974094 8973016 8971186 8970890 8973926 8972558 8974066 8971188 8973594 8973718 8972682 8974338 8972856 8971228 8973854 8972128 8971828 8971836 8971912 8974568 8980366 8974662 8971814 8971864 8975458 8975396 8969954 8974914 8975448 8975454 8975400 8975384 8975402 8973428 8975466 8975470 15444591 166997458 15444391 15444399 15444947 15445223 15445463 15444423 15444593 15444757 15444595 8973164 15444831 15444709 8970584 15444425 15444807 15444427 8971954 15444443 15445065 15444789 15444765 8969552 8974232 8972160 15444989 15445191 15444461 15444437 15444597 15445057 15444951 8974572 15444449 15444453 15444463 15445107 8971882 8971668 15444739 15444849 15444913 15444753 15444983 15444991 15445671 15444941 15445005 15444583 15445531 15445653 15445543 15444441 15445459 15445555 15445485 15444479 15444769 15444421 15444495 15445469 15444711 15444969 15444995 15444755 15444775 15445487 15444433 15444731 15444493 15444489 15444417 15445553 15445029 15445009 15445527 15444851 15444707 15444717 15445493 15445513 10220274 15445003 15445113 15444865 15445083 15444725 15444829 15445479 15445217 15444601 15445439 15444813 15444791 15445233 15445483 15445521 15445523 15445673 15444705 15445549 15444599 10219024 15444779 15444965 15444773 15444797 15445095 15444451 15445131 15445629 15445547 15445511 15445515 15444867 15444833 15445021 15445465 15445407 15445381 15445119 15445079 15445409 15444747 15445219 15445085 15444817 15445221 15445129 15445669 15445059 15444981 15445379 15445093 15444909 15444883 15445105 15445417 10222086 15444827 15445475 15444927 15444935 15445453 15445481 15445373 15444805 15444977 15444877 15444825 15445473 15445477 15445535 15445529 15445471 15445027 10219410 15444777 10219978 10219208 10219608 15444903 15444873 10219642 15445225 10219222 15444979 10218786 10221150 10219146 15445461 15445109 15444923 10219646 10222006 10221250 15445089 15445111 15445455 15444607 10218642 15444911 15444917 15444921 15445401 15444907 15444863 10221952 10222296 15444809 15445063 15445011 15445227 15445025 10223680 10219122 10218752 15445377 15445561 15445415 10223916 10223672 10220882 15444795 10221716 10219596 10221280 10221446 10223752 10221754 10221750 10221850 10223624 10223856 10223652 10221866 10221908 10221928 10223708 10222364 10223666 10223728 10223764 10221710 10222262 10219150 10220532 10221926 10221910 10221888 10218614 10221032 10221606 10223758 10218658 10221832 10219202 10221576 10222354 10223748 10223740 10218768 10219216 10221694 10221944 10220660 10221054 10221086 10221882 10220868 10221918 10220910 10218778 10218592 10221760 10223678 10223716 10221838 10218216 10219702 10223710 10220082 10223698 10223732 10220030 10223756 10221860 10219182 10223662 10219688 10221224 10221548 10219076 10219802 10220650 10222106 10223738 10219078 10220020 10219062 10221726 10219308 10219274 10218382 10223688 10220690 10219230 10219260 10223762 10221654 10221846 10221024 10219220 10219050 10219134 10218978 10223642 10221884 10221792 10219132 10221934 10218972 10220000 10220718 10220846 10222024 10219014 10223684 10220970 10221096 10218302 10219666 10219108 10222324 10221874 10221802 10223658 10220688 10221488 10221628 10221840 10221774 10221870 10220022 10221212 10222002 10223644 10221904 10222030 10221816 10223750 10223628 10223622 10221932 10219538 10223664 10222286 10218722 10219508 10218964 10223696 10221702 10221708 10221736 10221730 10221362 10221070 10223694 10223634 10219824 10219364 10221696 10223650 10221924 10219604 10221810 10223692 10221676 10221618 10221456 10222020 10223860 10220008 10221804 10221120 10223866 10223618 10219746 10219414 10219428 10218826 10223648 10218758 10221624 10221670 10219486 10219090 10219684 10220002 10223760 10221940 10219936 10220012 10221678 10219940 10218900 10220960 10219708 10219632 10219012 10218674 10219158 10219438 10219636 10218594 10219992 10218908 10218666 10220616 10219726 10221288 10220790 10219174 10220630 10218596 10219652 10219732 10218682 10218772 10219036 10220860 10220958 10220966 10218796 10218784 10220816 10219752 10218894 10219930 10219446 10220032 10218780 10220990 10218292 10218744 10218818 10218798 10218576 10218586 10220058 10219294 10218774 10218620 10219256 10220040 10219584 10218300 10219568 10219714 10218610 10219330 10218896 10218310 10218322 10219532 10219184 10222082 10219602 10219066 10219776 10220626 10218814 10219972 10219172 10219236 10221492 10221432 10219712 10218810 10220692 10218282 10218276 10219570 10219850 10218660 10219630 10219798 10219452 10219204 10218904 10219406 10218788 10218804 10219938 10219196 10220628 10219072 10219974 10218770 10218622 10218748 10220042 10220084 10218320 10219526 10219550 10218268 10220652 10218890 10219160 10219008 10221472 10221588 10221578 10219524 10220610 10219166 10220674 10219046 10220056 10220638 10220696 10220250 10219292 10220856 10220636 10218866 10220608 10219234 10219658 10219716 10220862 10220854 10218228 10218606 10220864 10221240 10219656 10218840 10218742 10219042 10218244 10218260 10218266 10218638 10218574 10220820 10220680 10220642 10221954 10222076 10218984 10218898 10219010 10220612 10221956 10219670 10219724 10220824 10218578 10218750 10220676 10220670 10220912 10219806 10219924 10218892 10219796 10219390 10219142 10219094 10219218 10220064 10219740 10220934 10220992 10221186 10219706 10218580 10219710 10218608 10218358 10218318 10221976 10220684 10218630 10219450 10218812 10218346 10221948 10221178 10219780 10218624 10218960 10219510 10221092 10221448 10223944 10221658 10220710 10218996 10218422 10218472 10218368 10220844 10219572 10220794 10220686 10219038 10219490 10221064 10219118 10219276 10218412 10220878 10218250 10218258 10219496 10218354 10218464 10220826 10219288 10218402 10219468 10219502 10219470 10219542 10219664 10220714 10219060 10219120 10220702 10220698 10218492 10218218 10219964 10220724 10218868 10218426 10220980 10218486 10218224 10221974 10220708 10219432 10219512 10219644 10220896 10218366 10219618 10218202 10219606 10220808 10218998 10219070 10218442 10220768 10222238 10220240 10220932 10220788 10221470 10221464 10221428 10218214 10220662 10220728 10219186 10220712 10220904 10221960 10220614 10218762 10218850 10218736 10219946 10220978 10218460 10218438 10218342 10221206 10221290 10221268 10221136 10221162 9050359 10220014 10218672 10218670 10221100 10219044 10220996 10221516 10219334 10219098 10220024 10218854 10221124 10219140 10218388 10220540 10221040 10221010 10221134 10219966 10220832 10220758 10218204 10220694 10218370 10221238 10221336 10221310 10222244 10219362 10220976 10219522 10218206 10218940 10219144 10218350 10219654 10220682 10220538 10219582 10218210 10221068 10221248 10221160 10221080 10218414 10219462 10219394 10219404 10218352 10218340 10221090 10218974 10220766 10218466 10218468 10218324 10219984 10219998 10218882 10218832 10219994 10221222 10221050 10221038 10221130 10221140 10221478 10221566 10221458 10221398 10221106 10222008 10221630 10221672 10221480 10220292 10221118 10221088 10221018 10221020 10221638 10221536 10221270 10221330 10222170 10220962 10220950 10221686 10221486 10221138 10221266 10221598 10221616 10221504 10221454 10221984 10221272 10220922 10220974 10221016 10221596 10221558 10219238 10221256 10222250 10221600 10221200 10221404 10221632 10221590 10221550 10221078 10221274 10221014 10220984 10222352 10221468 10221622 10221066 10221668 10221376 10221506 10221528 10221526 10221236 10221204 9049927 10221834 10221858 10218604 10218726 10221592 10221770 10221636 9050931 10221876 10221776 10221748 10221674 9052105 10221208 10220936 10220902 10218372 9049261 9051977 9051821 9052905 9049751 9049177 9049175 9052557 9049137 9049195 9050327 9052929 9052935 9052913 9052911 9049675 9052821 9052213 9049203 9053315 9050329 9052851 9049733 9052683 9052643 9050753 9050609 9050923 9052579 9053211 9049123 9052571 9052577 9053293 9050355 9052627 9049169 9050313 9052503 9053437 9053503 9052505 9053443 9052497 9054925 9053431 9054963 9050563 9052757 9052793 9053209 9053449 9053457 9052671 9052759 9053305 9054951 9053441 9052523 9052575 9050345 9053399 9054967 9053165 9052969 9052809 9049747 9053103 9054907 9054915 9053207 9052991 9050617 9052807 9052583 9052815 9052889 9050611 9054955 9055095 9053429 9049993 9050319 9052537 9050351 9054961 9052631 9053157 9050561 9054917 9054919 9049693 9052897 9052507 9052605 9050629 9049691 9052747 9053213 9052545 9052385 9054937 9052531 9052737 9052641 9052603 9052623 9051685 9052417 9053491 9053439 9052455 9052563 9053433 9052647 9052509 9052527 9052459 9052529 9053451 9053455 9053391 9054923 9050281 9050853 9052617 9052543 9052539 3805077 9050431 9050413 3805955 9050927 3804987 9050509 9050503 9050333 9050475 9050343 6873715 9050439 9050441 9050463 9050925 9050317 9049739 9053395 6873489 6873619 6876667 6876683 9053389 9050789 9051959 6874661 6875549 9053319 6876717 6876655 9050959 6876559 6875437 9050371 9050407 9049365 9053193 9050449 6873955 9050415 9050495 9050809 6873379 9050315 9050929 9050487 9050517 9053295 6873787 9050387 9050353 9053337 9053393 9050631 6876493 6876605 6877103 6877105 9050787 9049273 9052651 6875205 6873809 9049389 9049369 9053397 9050389 6876617 6876703 6876705 9052949 9050581 9050845 6875545 6874811 9049233 6875841 6875449 6877087 6876139 6876409 6876267 6876699 6876445 6875481 6876607 6876535 6875915 6876303 6876431 6873669 6876227 6874577 6876487 6876753 6877363 6877039 6876329 6876969 6876309 6876749 6876713 6875293 6876331 6874781 6876229 6874621 6875965 6876037 6876073 6876015 6877077 6876187 6873875 6873783 6873823 6875085 6875853 6874019 6873925 6875065 6875091 6874909 6874647 6876029 6876051 6873811 6875909 6875855 6875837 6875931 6873713 6873883 6874001 6874027 6874025 6873953 6874791 6876395 6876595 6876069 6875939 6875875 6875963 6875937 6876001 6876025 6876003 6873967 6875693 6874685 6874007 6875707 6875933 6875877 6875003 6874413 6875833 6875057 6875697 6876483 6876439 6876327 6876285 6876223 6876159 6876407 6876087 6876315 6876343 6876521 6875865 6875881 6876155 6876083 6873817 6873689 6876185 6876043 6874765 6875873 6876429 6873807 6877017 6874933 6875023 6873789 6877083 6876269 6876551 6875049 6874705 6877061 6876167 6876181 6876147 6877093 6875073 6873657 6874717 6877059 6877025 6875093 6876201 6876403 6873731 6873675 6876317 6877071 6876033 6876011 6877367 6876451 6876393 6875953 6875957 6876137 6873769 6875983 6877141 6875821 6875823 6876129 6876587 6876085 6875801 6877131 6874931 6875029 6874979 6875083 6876053 6876089 6875109 6874569 6873821 6873733 6873735 6873719 6873727 6876349 6874773 6876213 6875709 6875019 6875699 6873857 6873747 6873571 6875817 6877019 6876133 6873585 6873587 6874959 6874823 6876265 6876259 6877135 6874935 6876211 6876145 6876123 6873469 6875977 6873701 6875913 6875047 6875705 6877021 6873753 6875971 6875999 6875895 6874005 6876061 6876351 6875917 6877031 6875803 6874407 6874897 6874941 6874867 6874913 6873829 6876557 6875935 6877365 6873673 6876321 6873767 6873677 6873633 6876477 6876041 6876045 6875847 6874649 6877067 6876021 6873749 6873661 6873481 6873903 6873711 6873651 6873579 6876099 6876097 6875845 6874683 6875813 6876279 6875703 6873577 6873621 6875517 6875911 6874051 6874951 6874995 6875947 6874581 6873905 6873693 6875067 6873589 6873531 6873435 6876555 6876347 6873835 6875117 6873597 6874907 6874815 6873897 6873653 6873683 6873449 6876781 6875263 6875249 6874753 6874863 6876761 6875547 6873517 6875187 6875283 6875129 6874939 6874697 6875281 6876783 6877007 6876463 6876583 6876533 6874775 6874955 6874803 6873365 6873785 6876589 6873399 6874817 6876741 6874733 6874703 6874883 6873699 6873383 6873389 6873555 6873605 6874671 6873467 6876723 6875513 6875691 6873391 6873381 6875105 6874003 6877041 6876765 6873613 6874727 6874725 6874801 6873377 6874097 6873491 6873927 6874993 6876425 6876281 6875305 6874579 6876563 6873723 6873561 6873865 6873895 6874039 6873421 6873601 6875299 6873929 6876357 6876453 6874075 6875353 6876459 6876311 6874707 6874699 6873575 6873793 6873591 6873931 6873665 6873839 6873743 6875701 6873483 6873901 6874563 6873941 6873687 6873507 6875013 6875051 6874639 6874105 6874659 6873511 6873441 6874763 6873367 6873475 6874947 6873429 6873539 6873781 6874617 6873533 6873859 6873923 6875001 6875103 6875055 6875171 6873521 6873989 6873963 6874149 6873431 6875015 6873407 6873447 6875157 6873681 6874077 6873397 6874895 6873409 6873415 6873659 6873405 6875137 6874829 6873957 6877023 6875349 6875131 6877255 6876457 6875111 6875159 6876271 6876275 6875383 6876131 6876987 6876983 6875275 6875123 6875711 6876927 6875477 6875457 6876695 6875177 6875373 6876109 6876915 6876373 6876991 6875557 6875261 6875119 6876913 6876277 6877055 6875567 6875297 6875239 6875303 6875369 6876569 6876601 6875431 6875347 6875191 6875161 6876195 6875327 6876895 6876763 6876609 6877369 6876645 6875011 6876759 6876353 6876219 6876217 6875509 6876745 6875165 6875375 6875461 6875677 6875507 6875243 6876815 6877215 6876499 6875331 6875475 6875493 6876249 6876619 6875121 6876719 6875301 6875569 6875495 6876905 6876539 6875503 6876811 6876287 6876917 6875423 6876961 6875451 6877109 6877329 6876977 6875291 6876661 6877009 6876517 6875355 6876611 6877013 6875285 6876937 6876693 6876573 6876333 6875071 6876841 6875351 6876875 6876215 6876093 6876077 6876847 6875427 6876603 6877049 6874989 6874723 6874635 6874571 6876079 6877161 6877001 6875169 6875127 6875115 6876233 6876235 6876231 6875251 6875411 6876835 6875041 6875061 6877057 6875265 6875223 6875201 6875193 6876501 6876643 6875371 6875097 6875059 6877045 6873985 6875195 6875247 6875185 6877285 6873885 6873833 6876973 6876253 6876799 6875413 6875341 6874079 6873457 6873805 6873583 4740121 6876845 6874411 6877395 6876849 6876871 6877333 4741387 6876839 4737521 6877111 6876803 6876801 4742057 6876931 6876831 6876855 6876919 6876899 4740925 6876947 6876985 4741551 6876943 4741811 4738529 4739421 4739903 4741089 4742337 4742353 4737517 4738403 6874081 6876923 4740757 6876925 6876685 6876823 6876585 6876549 6876949 4738337 4737575 4740527 4738181 4741413 4737463 4740359 4741599 4737597 4741619 4739413 4737563 4740069 4740091 4740027 4740015 4738455 4739809 4740867 4741053 4742181 4741815 4739919 4740067 4740179 4737713 4737775 4737561 4740621 4739767 4741729 4740193 4740271 4738711 4738013 4738549 4740203 4739735 4738813 4740433 4737261 4740321 4740409 4740309 4738689 4737225 4740611 4740637 4739939 4738015 4740261 4740519 4741243 4740479 4741043 4740293 4742077 4739847 4740161 4738203 4740537 4740279 4741435 4738453 4737431 4738043 4740811 4740227 4740079 4741065 4740785 4740923 4738511 4738163 4739267 4737485 4740011 4741299 4740887 4740915 4740979 4740903 4740105 4740059 4741077 4741397 4739977 4741321 4738621 4738329 4740869 4740387 4741067 4737019 4738821 4742371 4738751 4737243 4736937 4737491 4737461 4740209 4737197 4737073 4737193 4741129 4738685 4738587 4737323 4738269 4742123 4738179 4737071 4740425 4740641 4740715 4740891 4741101 4742155 4740285 4737145 4738661 4738649 4741075 4738669 4739733 4738769 4737371 4738139 4738109 4738115 4738145 4741485 4742267 4737095 4740223 4737785 4737285 4737201 4737185 4740095 4737247 4738707 4739745 4739803 4741697 4741013 4739875 4737331 4738127 4738161 4738255 4742015 4742163 4740865 4737109 4738555 4737307 4737305 4738393 4738397 4738413 4738239 4737779 4738325 4738143 4738863 4738331 4738369 4739731 4739907 4738301 4739729 4738559 4738623 4737153 4738165 4738575 4739893 4739721 4737115 4738305 4737427 4738635 4738199 4738597 4738647 4738135 4738223 4738245 4738153 4738847 4738211 4738141 4738633 4738913 4738169 4738359 4739877 4738545 4738509 4737429 4738171 4738505 4738771 4738951 4739835 4737083 4737439 4738297 4738267 4738835 4738391 4738383 4737479 4737121 4738229 4737441 4737469 4737385 4738833 4739849 4739801 4738699 4737481 4737449 4737413 4738385 4738357 4737533 4738421 4738183 4739961 4742381 4739719 4742359 4737163 4737311 4738739 4737213 4738625 4737509 4738287 4739915 4738375 4741745 4738339 4737349 4739931 4741963 4741733 4738585 4738279 4738527 4739747 4738823 4737919 4737909 4737901 4737893 4740061 4739869 4737475 4738617 4738363 4738425 4737339 4738873 4738721 4738717 4738781 4741685 4737539 4737487 4737515 4737531 4737693 4738657 4738157 4739925 4739353 4739981 4740951 4738579 4738405 4737553 4739739 4739779 4738107 4738497 4738377 4738399 4738379 4740829 4738355 4737401 4739707 4737141 4737489 4737445 4737085 4737357 4738817 4740111 4741713 4739873 4739883 4736979 4737103 4737275 4738513 4737589 4737229 4737411 4738701 4737003 4736951 4741739 4740391 4738609 4737687 4737259 4737113 4738317 4737889 4737895 4736943 4737453 4738645 4738819 4737363 4740655 4739373 4737987 4737999 4737117 4740753 4740057 4739941 4738263 4737037 4736949 4738067 4738001 4738007 4739363 4739419 4740603 4741703 4740071 4737063 4738407 4739959 4736939 4739993 4739771 4738063 4737263 4737297 4737381 4740097 4739699 4739807 4740783 4738671 4737277 4739985 4737995 4737997 4738035 4738081 4738085 4738187 4737065 4739887 4740589 4740835 4738009 4739271 4739381 4739375 4739713 4738167 4738447 4737059 4737965 4737925 4739969 4738227 4736977 4736987 4741711 4737395 4737321 4737309 4737335 4738327 4738299 4737985 4738773 4739397 4739945 4737967 4737939 4738237 4740819 4739343 4738235 4738095 4738021 4738251 4739357 4738631 4738461 4738691 4736991 4736985 4739355 4737935 4737927 4739247 4739245 4739411 4739403 4739901 4739797 4739285 4739249 4739269 4739879 4738285 4740595 4739717 4737793 4739391 4738345 4736933 4737577 4737579 4737565 4737567 4737721 4739417 4739351 4738247 4737001 4739769 4739349 4738719 4737639 4737069 4739821 4739965 4737929 4737957 4738783 4740073 4736923 4739033 4739023 4740005 4737983 4737043 4737677 4737033 4738257 4738457 4740035 4737101 4737075 4737053 4737055 4737093 4737031 4739951 4741707 4740135 4738271 4737187 4738241 4737005 4740077 4739019 4739057 4738433 4737077 4737199 4737135 4736981 4739983 4739059 4738595 4739331 4740081 4737161 4737159 4739273 4738361 4740099 4740615 4739253 4739117 4737179 4739181 4739131 4739445 4739017 4737653 4737555 4739157 4737571 4740439 4740345 4739039 4740127 4740401 4740343 4737541 4737497 4737537 4737591 4737499 4740375 4740411 4740531 4740661 4737595 4739145 4739197 4740677 4740665 4739317 4740477 4739223 4740207 4737619 4737635 4739177 4737493 4737711 4737529 4737527 4737547 4739069 4739047 4737657 4739139 4739169 4739193 4739279 4739257 4739073 4740379 4737615 4737649 4737629 4737599 4739213 4737607 4737581 4739015 4740305 4739035 4740295 4739207 4739251 4740195 4740213 4740311 4741747 4740231 4740281 4740337 4739237 4740273 4739179 4739725 4739227 4738417 4738395 4739311 4739395 4739105 4739123 4739135 3806353 3805005 3805079 with 1 link
2 most connected regions:
9050107 8974054 with 5 links
