Neighbour list object:
Number of regions: 11637 
Number of nonzero links: 23446 
Percentage nonzero weights: 0.01731357 
Average number of links: 2.01478 
24 regions with no links:
10163674 10163544 10163630 10161496 10161508 10161514 10265740 10264016 10263964 10265568 10301829 10302579 10303203 10300633 10356790 10356846 11868390 11868776 11868532 11866088 11866078 10146175 10563414 10563082
Link number distribution:

   0    1    2    3    4    5 
  24 4391 2754 4326  141    1 
4391 least connected regions:
10163970 10163708 10163664 10163828 10161946 10163328 10161752 10161602 10161478 10163678 10161576 10161712 10163300 10161704 10161670 10161750 10161568 10161562 10163424 10163344 10163432 10163286 10163426 10161698 10163724 10161686 10163348 10163332 10161800 10163342 10163728 10161992 10161590 10161516 10163346 10161510 10163720 10163800 10163616 10163618 10163476 10163516 10161728 10161428 10163848 10163268 10161526 10161426 10161436 10163468 10161676 10163486 10161606 10161832 10161484 10163388 10161814 10163854 10161816 10163336 10163746 10163974 10163444 10161524 10163502 10163732 10163620 10163966 10163530 10163592 10163594 10161622 10163560 10163936 10163744 10163628 10163648 10163668 10163478 10163510 10163546 10161838 10161678 10163588 10163624 10163638 10161482 10163736 10161852 10161920 10163322 10163284 10161796 10161486 10163522 10161834 10163552 10163512 10163258 10161444 10161440 10161808 10161614 10161374 10163338 10163726 10163484 10163294 10163470 10163580 10163586 10161366 10163520 10163504 10163482 10161850 10161404 10161424 10161438 10161334 10161368 10161384 10161766 10163526 10161656 10163606 10163302 10163316 10161372 10161342 10161662 10161694 10161828 10161528 10163264 10161586 10161500 10161410 10161350 10161624 10161858 10161618 10161842 10161836 10163680 10163460 10161594 10163686 10161690 10161636 10163266 10266374 10266430 10161640 10163466 10264272 10266360 10264014 10161566 10263756 10263844 10263732 10163876 10163750 10163748 10163742 10163882 10163784 10161638 10161454 10161940 10163862 10163850 10263758 10163792 10163790 10161326 10263290 10163796 10163802 10163276 10163324 10163274 10263884 10264282 10265588 10264122 10161534 10163636 10163574 10264274 10264130 10263792 10264156 10264782 10266442 10163314 10163374 10163392 10161856 10161688 10163564 10163676 10161930 10163772 10163712 10163690 10163290 10161846 10161830 10161840 10161804 10264788 10264226 10161564 10163776 10163778 10161532 10161956 10161480 10161574 10161506 10163770 10163758 10163756 10263264 10264550 10264246 10264480 10161498 10161504 10161908 10161512 10163774 10163764 10266358 10163524 10161520 10161806 10161572 10161658 10161672 10161682 10163872 10266630 10264020 10266606 10266172 10161770 10161340 10161352 10161330 10265576 10263814 10266590 10266000 10163666 10163566 10163568 10265704 10266386 10264334 10265854 10263840 10161378 10161390 10264180 10264160 10265834 10266228 10263878 10266564 10161398 10161376 10163538 10266554 10265694 10266582 10263882 10263888 10265912 10263796 10263740 10163496 10161434 10266620 10265598 10265514 10161468 10161456 10163474 10265526 10266332 10266402 10264184 10264030 10263730 10265988 10266122 10266090 10266382 10266252 10163836 10163416 10266146 10264496 10264190 10264034 10266404 10161462 10266082 10264068 10264080 10266268 10266202 10264090 10266104 10265636 10264102 10263738 10263718 10266304 10266388 10266380 10265900 10265842 10263950 10263904 10264538 10266546 10266636 10263974 10263990 10264536 10264360 10263736 10266326 10264132 10263892 10266064 10263934 10264050 10265948 10266346 10266468 10263912 10265404 10264268 10265756 10266616 10263960 10264302 10266422 10266432 10265632 10265664 10265932 10265500 10265758 10264720 10266556 10264234 10265992 10266592 10264088 10263720 10265644 10265852 10263876 10264242 10265618 10265730 10265274 10266040 10263722 10264278 10265640 10265376 10265374 10265872 10266088 10264470 10266446 10265294 10264318 10266024 10265518 10265434 10265742 10264260 10266132 10266054 10264212 10265836 10264154 10264488 10265768 10265592 10265796 10265802 10265760 10265780 10265858 10266594 10264398 10266076 10265318 10266588 10265878 10264262 10264316 10264250 10266568 10265864 10265876 10266026 10266092 10265754 10265262 10266610 10265672 10264198 10264136 10264056 10263908 10265716 10266558 10265566 10265442 10266028 10266622 10266130 10266612 10266524 10265970 10266094 10266128 10263946 10266562 10266464 10265432 10266116 10264076 10263994 10264006 10266174 10266188 10266190 10266204 10265898 10266042 10266210 10265506 10264310 10264286 10265354 10266604 10265972 10265862 10263966 10263864 10263896 10265416 10266618 10266124 10265980 10265946 10266018 10266444 10266596 10266214 10265874 10263804 10263818 10263716 10265578 10265550 10263710 935140075 10264178 10265918 10263750 10264474 10266586 10263774 10263734 10263752 10263810 10264370 10264004 10266584 10266034 10266598 10266602 10266118 10266608 10263910 10266578 10265596 10264410 10263764 10263760 10263780 10263826 10263832 10264096 10266614 10266600 10264176 10265974 10266078 10266152 10266148 10263824 10263924 10266572 10264600 10265310 10266254 10266240 10266570 10265562 10264412 10264008 10264394 10266338 10266274 10266354 10264594 10265920 10264330 10264516 10264058 10265922 10265696 10266336 10266180 10266166 10266362 10263956 10265956 10265722 10263952 10264486 10264484 10263976 10264098 10265466 10265738 10264188 10264258 10264248 10266114 10266006 10266156 10264018 10264222 10264040 10264024 10264168 10265996 10265846 10265402 10266580 10265822 10265482 10265688 10265690 10265744 10264438 10264276 10264332 10264072 10264214 10264254 10266414 10265764 10265902 10265762 10264376 10265706 10263790 10265820 10265460 10265726 10263938 10264300 10266574 10265496 10265320 10263982 10264390 10264266 10265388 10265480 10264182 10264142 10264354 10263820 10263288 10264730 10264734 10264244 10265454 10265418 10266352 10302177 10266236 10266262 10266632 10266342 10266344 10266626 10266624 10299675 10264754 10264760 10264772 10264786 10264762 10264746 10264726 10265682 10302843 10266292 10266628 10266538 10266634 10266312 10301497 10266350 10266334 10264706 10264716 10264700 10264698 10265276 10265414 10301537 10265580 10266458 10266258 10266248 10266238 10266182 10301091 10302195 10303089 10264144 10266498 10265478 10266366 10266310 10266368 10266316 10301997 10264186 10264614 10263274 10264196 10303383 10266566 10264204 10264116 10264306 10264084 10264158 10264162 10264152 10263266 10303045 10299595 10300097 10300451 10300281 10299665 10265536 10265718 10299777 10266576 10265654 10300259 10300223 10265438 10301523 10265410 10264430 10264358 10303439 10300599 10302667 10300785 10303479 10264554 10264340 10264060 10263986 24755758 10263988 10302823 10300277 10300795 10302755 10302027 10301587 10302263 10300315 10302245 10300527 10301579 10299567 10300221 10301689 10301665 10303571 10303491 10302711 10301021 10302713 10301177 10302719 10301183 10301205 10303201 10302493 10301703 10301641 10301673 10301401 10301227 10301387 10301599 10303417 10303355 10303429 10303267 10303369 10303327 10303409 10301499 10303367 10303423 10303509 10303505 10303485 10301241 10301375 10303345 10303401 10303287 10303363 10303301 10303379 10303519 10303517 10303497 10303329 10303415 10303421 10303389 10301517 10303511 10303437 10303487 10301129 10301567 10303339 10303397 10302137 10303433 10302537 10303265 10303341 10301487 10303311 10299609 10299573 10302255 10301493 10301393 10301593 10303381 10303443 10299681 10300885 10299603 10301431 10300999 10301663 10301555 10301643 10301385 10301357 10301307 10301425 10301995 10303325 10303501 10303489 10303307 10301763 10299641 10299669 10303515 10302541 10302545 10303143 10301521 10301583 10299655 10300731 10303513 10301433 10303569 10301519 10301515 10303283 10302413 10302469 10303419 10303427 10302709 10303361 10300711 10302571 10302919 10301053 10301085 10302287 10302273 10301847 10301391 10303051 10301621 10301603 10301607 10302731 10302329 10301329 10302319 10302929 10301831 10302049 10301413 10300661 10302567 10302689 10302241 10301319 10302751 10301351 10301363 10303033 10302765 10302943 10302231 10300719 10301645 10303047 10302435 10302373 10301609 10301503 10301615 10301651 10301317 10302699 10301471 10303053 10302333 10301741 10302725 10301975 10301945 10299699 10302701 10301489 10301535 10302031 10302271 10302421 10302737 10300995 10303457 10303449 10303097 10299703 10302293 10302077 10302039 10303049 10302521 10303063 10303413 10303227 10302603 10302171 10302189 10303323 10303069 10303065 10303077 10301779 10303059 10303057 10303073 10303061 10302509 10302485 10299695 10299701 10299667 10301881 10302921 10302431 10302683 10302451 10302345 10302265 10302149 10303135 10303119 10302703 10301121 10303035 10302277 10303113 10303123 10302165 10302135 10302009 10302893 10302895 10301657 10302007 10301957 10301935 10303131 10303137 10302305 10302151 10302507 10302527 10299671 10299679 10299697 10302913 10301257 10303037 10301755 10301825 10301891 10301917 10301757 10302359 10302361 10299705 10301451 10301463 10302147 10302093 10301925 10302175 10302349 10301453 10303039 10303129 10303141 10302261 10301415 10303027 10303139 10302925 10301777 10302917 10302881 10299661 10301911 10300475 10301365 10301737 10302909 10300179 10302609 10300417 10300261 10301081 10299553 10301675 10301099 10300973 10300865 10300863 10300831 10302907 10300901 10300903 10302663 10303263 10303235 10302459 10302355 10302391 10303359 10300697 10300595 10300685 10299569 10300325 10299555 10300505 10301315 10302503 10301679 10300343 10299577 10302671 10301481 10302581 10302547 10302561 10300891 10301715 10302911 10300743 10299591 10302873 10300671 10300565 10300605 10300725 10303257 10301109 10301479 10301477 10300809 10300947 10299625 10300845 10300287 10301851 10301813 10302887 10302903 10302023 10303357 10303319 10303215 10302767 10303371 10303461 10303465 10300813 10300093 10301017 10301399 10300775 10300571 10301961 10301833 10302915 10301815 10300135 10301383 10302083 10302251 10302207 10302181 10302161 10302747 10302129 10302131 10301505 10300125 10302899 10302053 10301871 10302905 10301577 10301595 10302157 10302247 10301581 10301965 10302243 10302127 10302125 10302141 10301475 10301455 10301417 10301509 10301837 10302645 10300787 10302675 10302897 10302055 10302063 10302119 10301619 10301591 10300173 10300231 10300067 10301575 10302029 10302019 10302101 10302185 10302017 10302679 10300105 10300099 10300119 10302651 10300327 10300103 10302721 10301333 10302087 10302351 10300117 10300507 10302901 10299631 10300069 10302941 10302299 10302089 10302939 10302401 10301009 10302647 10301039 10299663 10299657 10302499 10302513 10300905 10302931 10300071 10301061 10301145 10302153 10302935 10301771 10300635 10302885 10300297 10303055 10300797 10301103 10300439 10301033 10303183 10302395 10302461 10302473 10301843 10300651 10300429 10301749 10301747 10301799 10301785 10302505 10302955 10302883 10302889 10302869 10300363 10302953 10303273 10303271 10303187 10303295 10303291 10301631 10300861 10300455 10301681 10301711 10301869 10301941 10302923 10302025 10302379 10300385 10300265 10300497 10302389 10303321 10303289 10303373 10303331 10303399 10302861 10302865 10302937 10300289 10300263 10358132 10300205 10300307 10300331 10300559 10300077 10303335 10302021 10301973 10302741 10301989 10302051 10302933 10300877 10300777 10300681 10303441 10300747 10300745 10302877 10300727 10300927 10301201 10301235 10301469 10301349 10300751 10300981 10300823 10300907 10300667 10300621 10300623 10301043 10300761 10300815 10300421 10300539 10300469 10300803 10301219 10301261 10301251 10302655 10300967 10300835 10301141 10300471 10300403 10300285 10300267 10302875 10300869 24755760 10302879 10301059 10300449 10301369 10301419 10301483 10301637 10301659 10303241 10300755 10300079 10300483 10300581 10301719 10301845 10301927 10300295 10300321 10300185 10300939 10302629 10301873 10301913 10300933 10302851 10300659 10301959 10301967 10302003 10302015 10302081 10301163 10301013 10302203 10301025 10300825 10302233 10302235 10302927 10302209 10302613 10300167 10300131 10300133 10300123 10357760 10357042 10357312 10301977 10357140 10357594 10300503 10300663 10301347 10301373 10301441 10355854 10357690 10357186 10301563 10301585 10301611 10301699 10301767 10301943 10300683 10355846 10357200 10300463 10300489 10300519 10300401 10300461 10301883 10356452 10302623 10356708 10357180 10357724 10358652 10301697 10356448 10300473 10357266 10357160 10357588 10358546 10356844 10301991 10302743 10301527 10355828 10357158 10357328 10358720 10302863 10300609 10302107 10301513 10357348 10300567 10300655 10357144 10302105 10301669 10358122 10302871 10301573 10301309 10300619 10300653 10300649 10302859 10357628 10358458 10301671 10301359 10357222 10358712 10358080 10302857 10300513 10357586 10357302 10357218 10357424 10357070 10300493 10300433 10357344 10301339 10357908 10356832 10356816 10300557 10300499 10302847 10300899 10357154 10357092 10300317 10300279 10302183 10302173 10302793 10300305 10356840 10356704 10357064 10302115 10302047 10355866 10300217 10300181 10300193 10301933 10357276 10355902 10356822 10356828 10356446 10358124 10358148 10300601 10300579 10300577 10300821 10300237 10300191 10300389 10357484 10300923 10358102 10300407 10300409 10301037 10301221 10300827 10302625 10302853 10300525 10357046 10301001 10357264 10300371 10302855 10300309 10357132 10301159 10356700 10356698 10357056 10357776 10357836 10357590 10357904 10356830 10301079 10357426 10358114 10357644 10357438 10355870 10357226 10301055 10109337 10358116 10358106 10358538 10358028 10358064 10358060 10356478 10356812 10356696 10356796 10357210 10357288 10302611 10357636 10358476 10357442 10300171 10356824 10358134 10358084 10357230 10357642 10357446 10357306 10300169 10357342 10358646 10358128 10357066 10357060 10300197 10356444 10358038 10356834 10358542 10357278 10357688 10357198 10356838 10358108 10358066 10357382 10300997 10358136 10358474 10357208 10357630 10357332 10357282 10356726 10357454 10359770 10356450 10356454 10357418 10357650 10357634 10357498 10357600 10357138 10357090 10357128 10357270 10357148 10357052 10300985 10358098 10357258 10357428 10357704 10357112 10357212 10300971 10356462 10356458 10106785 10110111 10110119 10109473 10108371 10110129 10109045 10356706 10356714 10356716 10356720 10358472 10357738 10109239 10108483 10109451 10110141 10358692 10109633 10108645 10108381 10356718 10356756 10356738 10108569 10108389 10356748 10356728 10356758 10357472 10358450 10109201 10106753 10109175 10108437 10110265 10356794 10357466 10106813 10356762 10356780 10356770 10357396 10357488 10357742 10109243 10110305 10357848 10357410 10357392 10358454 10106763 10110071 10357932 10357192 10109179 10356804 10356808 10109329 10357906 10357416 10358638 10357394 10357366 10109355 10358634 10356810 10357730 10357804 10357308 10357702 10357224 10107041 10358506 10358516 10110211 10357506 10109127 10109583 10110253 10357194 10357470 10357354 10110183 10358650 10358540 10358644 10108373 10108365 10108367 10109469 10110155 10109261 10357122 10357120 10357596 10357094 10357088 10357436 10110151 10110275 10357756 10358468 10358068 10358150 10358076 10109453 10357580 10108501 10357444 10110137 10110217 10356492 10157581 10358452 10106759 10110257 10109181 10357422 10109359 10356514 10358042 10358054 10106717 10106699 10355868 10355862 10107065 10358044 10107067 10109285 10106869 10357480 10358676 10358466 10358460 10106821 10106945 10355920 10355926 10355896 10107063 10106731 10106797 10157589 10106697 10106715 10106791 10109129 10106891 10108521 10109087 10358058 10109279 10106725 10109157 10109315 10108391 10107059 10109103 10106757 10106765 10109079 10109105 10109293 10110135 10106943 10110063 10108529 10108647 10107091 10109067 10356516 10107057 10109207 10106923 10108581 10110179 10108463 10107151 10355838 10356526 10106941 10110059 10355830 10355880 10109131 10109339 10108591 10108583 10110279 10356476 10355874 10109275 10109461 10109203 10108423 10108631 10109441 10107077 10107087 10356490 10356482 10109647 10106737 10110281 10106961 10106959 10108589 10110251 10110061 10107081 10109477 10106889 10109649 10110297 10108617 10106761 10110109 10109115 10109191 10109187 10157473 10355832 10355842 10106783 10109265 10106839 10108503 10110079 10109229 10356508 10358142 10109215 10106911 10108519 10110163 10110353 10108639 10109281 10358022 10107045 10108457 10358024 10109343 10110101 10108621 10108471 10110181 10110291 10357430 10156553 10157757 10156661 10157739 10156799 10107157 10156921 10157545 10156769 10110145 10156729 10156785 10157283 10157631 10156681 10156871 10157745 10157387 10106727 10110143 10106777 10156927 10156621 10156859 10106953 10108641 10108447 10108409 10106719 10108465 10156891 10156655 10156533 10157611 10156815 10157397 10157555 10157623 10110081 10156755 10106733 10156731 10156931 10157495 10157615 10109195 10109189 10157349 10157743 10106823 10106793 10157607 10157439 10157741 10157337 10109101 10109063 10110273 10157735 10157553 10157371 10157657 10109209 10109065 10106795 10157569 10157567 10107103 10109019 10107153 10157447 10157619 10108627 10110189 10110247 10108643 10110203 10110185 10157297 10109017 10109507 10157543 10106693 10157471 10157345 10157549 10109043 10110205 10156723 10156541 10156685 10157279 10157411 10156893 10110215 10110283 10110379 10156895 10156925 10156671 10109645 10109037 10157541 10157559 10109213 10109335 10109655 10157753 10157627 10157595 10108393 10106711 10157491 10157613 10156883 10111405 10157571 10156933 10156567 10109119 10109447 10109445 10109061 10107159 10106901 10109291 10109457 10109475 10109253 10106951 10107155 10106849 10106799 10107079 10106963 10109231 10109223 10109197 10109083 10107093 10106919 10107097 10156869 10156857 10157405 10157415 10157413 10157429 10157437 10157475 10109331 11869486 11866510 10156551 10156879 10156573 10156565 10109171 10109353 11869112 10156643 10157431 10157503 10157645 10109651 10109295 11866286 10157501 10156617 10156641 10156653 10109653 10156677 10156689 10157755 11869510 11869350 10157459 10157477 10156735 10156899 10156781 10156907 10156855 11866238 10109051 10157487 10157749 10157485 10109471 10109351 10157329 10157737 10106957 10157751 10157481 10157303 11870060 10157287 10157299 10157321 10157323 10106927 10156637 10157383 10157375 10106885 11868732 11868606 11868698 11869242 11869284 11868794 10156529 10156787 10156705 11868720 11868764 11868552 11869286 11868678 10157605 10157377 11868982 11869550 10156607 10156675 11869580 11869598 11869602 11869714 11868630 11868584 10156929 11868842 10157381 11869624 11866694 11868242 10156547 10156923 10156727 11869156 11869586 11870262 10156703 10156679 11866578 11866026 11869708 11869908 11869226 11869316 11868638 11870260 11869572 11869600 11868802 11869072 11869030 11868816 11866514 11869024 11869512 11869710 11870254 11869446 11868950 11869062 11866608 11868940 10156559 11869918 11868998 11869336 11868508 11866366 11870268 11866330 11865310 11866402 11868728 11868754 11868616 11868974 11868942 11869526 11866438 11869902 11868598 11870258 11870256 11869890 11868140 11866512 11868082 11868308 11866702 11868196 11868246 11866420 11869134 11868204 11868086 11866316 10157747 11868926 11868808 11868892 11869270 11868034 11866352 11866230 11866234 10156563 11869136 11869026 11868114 11866692 11866488 11866222 11866594 11868354 11868356 11868328 11869092 11866260 11869204 11869046 11868836 11868316 11868428 11868384 11869938 11869010 11869926 11868734 11868370 11868518 11868628 11869870 11870152 11868854 11869916 11868938 11868848 11869932 11868568 11868420 11868350 11868430 11868440 11868470 11868116 11868954 11868072 11870242 11868488 11870252 11869480 11869454 11869930 11868244 11868180 11868666 11866310 11869726 11869722 11869186 11868570 11866426 11869950 11868654 11869878 11869414 11869302 11868560 11868522 11868572 11868594 11869910 11869728 11868436 11866576 11866550 11868320 11869274 11869164 11869888 11868790 11869584 11869956 11869548 11869528 11866212 11866574 11865236 11868122 11869874 11868750 11868718 11866058 11868398 11869614 11866648 11865264 11868268 11868772 11869570 11869990 11865274 11865266 11868662 11868110 11866390 11869686 11866368 11866166 11869676 11869984 11869684 11869668 11869660 11869654 11869634 11870026 11866114 11866110 11869636 11865238 11868120 11868168 11868254 11868408 11868146 11868220 11865234 11866120 11866132 11866480 11866540 11868608 11869982 11869650 11869632 11869978 11869604 11869642 11866590 11866630 11865242 11869646 11866592 11865248 11868414 11870250 11866494 11866810 11868102 11868194 11870246 11866206 11868740 11869152 11868258 11868326 11868404 11868632 11866534 11866400 11866190 11866172 11868332 11866526 11866444 11866348 11866296 11866298 11868778 11868644 11868660 11869896 11869904 11869906 11868538 11868510 11866164 11866148 11866140 11868396 11868210 11869914 11866704 11866376 11868376 11868226 11866136 11869880 11868476 11868200 11866248 11866232 11866198 11869124 11869426 11866392 11866504 11866176 11866192 11868952 11869368 11869352 11870266 11866308 11866242 11866200 11866226 11866258 11868992 11869116 11866536 11866638 11866806 11868576 11868724 11869444 11866268 11866252 11866604 11869436 11869472 11869502 11869954 11869494 11869428 11869354 11869180 11869224 11869178 11869222 11868826 11868330 11868412 11868262 11868202 11868090 11869148 11869094 11868746 11868782 11869944 11869946 11866620 11868716 11866500 11866442 11866808 11866300 11869120 11865272 11866602 11869334 11868502 11868108 11866448 11866398 11866324 11866372 11866538 11868044 11869362 11869386 11869090 11868088 11866344 11866470 11866266 11866262 11866336 11866450 11869424 11868336 11870096 11869282 11868486 11868668 11868112 11868208 11868252 11868250 11868884 11868838 11868934 11869612 11869664 11868738 11866596 11868092 11866386 11866508 11866522 11866532 11866414 11868780 11868856 11868080 11869616 11868178 11868876 11868896 11868922 11868928 11869052 11868172 11869056 11869048 11869934 11868260 11868822 11868962 11869172 11866038 11866030 11868768 11869898 11870244 11869342 11869496 11868730 11870248 11866682 11866794 11866798 11869340 11869504 11869328 11866796 11868322 11868360 11868672 11868752 11869356 11868796 11868748 11869332 11868918 11869922 11869078 11869326 11866050 11868626 11868286 11867202 11868948 11869032 11869278 11869338 11869330 11869060 11869014 11866084 11866094 11866076 11866056 11866046 11866034 11869168 11868274 11869146 11869266 11869238 11866036 11869202 11869232 11866396 11869640 11869236 11869608 11866098 11866096 11866106 11869258 11869610 11868132 11868700 11868416 11870264 11869434 11866068 11866070 11869876 11868688 11869312 11868182 11866462 11866434 11866374 11866364 11866378 11868710 11868622 11868682 11866086 11866082 11866800 11866104 10147297 11868674 11866280 11866278 11866292 11866340 11866370 11868562 10146415 11868736 11866158 11866126 11866802 11869442 11868676 11869388 11868624 11866804 11868278 11869886 11866424 11866454 10145949 11869590 11866572 11866516 11866626 11868792 11869206 11866174 11866184 11866092 11869506 11869554 11869966 11869514 11868422 11869384 11869420 11869390 11869458 11869466 11868742 11869490 11868706 11869976 11869542 11869556 11869972 11869576 11870054 11868690 10147959 10158621 10145729 10147155 11869488 11869520 11869518 11869276 11869308 11868696 11869408 11869552 11869320 11869264 11866618 11870194 10147753 11869348 11869374 10147519 11869962 11870270 11869084 11868164 11868142 935140102 11866564 11866214 11869142 10143787 10145441 10145929 10143697 10143445 11868554 10145329 10145523 10145469 10145761 10147565 10147559 11868994 10145569 10145601 10143483 10143497 10143759 10147609 10143629 10143501 10147671 10146601 10146603 10147875 10143475 10145703 10145653 10143517 10145777 10145641 10143463 10145693 10145651 10145727 10147683 10147615 10146443 10146441 10147681 10146747 10145725 10146579 10145925 10145867 10147677 10147679 10147893 10145659 10145645 10146025 10146377 10145655 10145827 10146215 10143581 10143747 10145611 10143587 10143529 10143785 10145657 10146675 10146673 10146655 10146753 10143447 10143455 10143557 10146935 10143471 10143745 10143481 10145831 10145833 10146929 10143541 11869192 11868936 11868612 11868424 11868744 10146085 10145337 10147589 10146079 10146041 10145965 10147575 10146005 10145635 10145723 10145661 10145433 10143795 10147111 10145533 10147561 10145349 10146205 10147563 10146277 10145333 10146073 10146149 10145331 10146621 10147407 10146133 10146059 10143665 10143667 10147261 10145855 10145995 10146047 10146093 10146075 10145317 10145359 10146743 10146023 10146109 10146115 10146071 10146089 10145539 10145471 10145557 10145873 10145901 10145957 10146027 10145491 10145565 10145489 10145527 10145525 10143641 10145449 10145397 10147887 10145287 10145313 10143599 10143635 10143775 10146131 10143577 10143575 10143655 10143663 10146221 10146295 10146173 10145455 10145437 10145361 10143551 10143567 10143495 10143515 10143651 10143579 10143791 10143625 10143653 10146229 10145633 10145431 10145439 10147591 10145347 10143703 10143659 10143489 10143461 10143467 10143459 10146091 10145281 10145285 10145321 10145417 10145451 10147885 10145427 10143511 10143453 10145339 10145789 10146447 10146069 10146181 10147637 10147635 10147595 10145809 10147633 10145613 10145677 10145675 10146119 10145945 10147569 10147597 10145501 10145811 10147901 10145943 10145307 10143681 10146553 10146581 10145355 10145407 10145405 10143683 10146757 10146087 10146389 10145987 10146195 10146661 10146391 10146457 10147667 10145483 10146043 10146097 10146105 10146137 10147653 10147897 10145847 10146659 10146801 10145755 10145801 10147877 10146519 10145947 10147879 10146339 10146533 10145341 10146573 10146605 10146599 10146585 10146567 10145815 10146155 10146007 10146879 10145683 10145629 10145485 10145505 10147899 10147909 10145503 10145581 10145605 10146483 10146627 10145919 10146453 10146385 10145609 10145561 10145555 10145553 10145663 10145671 10145687 10145747 10145711 10145681 10147617 10145697 10145695 10146373 10145563 10145515 10145737 10146849 10146765 10147621 10145989 10146309 10146289 10145639 10145637 10145669 10145851 10145649 10145595 10145589 10145915 10145911 10145977 10146127 10146805 10146361 10146237 10145549 10145573 10145861 10145795 10145793 10145845 10145597 10146051 10146593 10146529 10147881 10147907 10145509 10147607 10146231 10146253 10146197 10146455 10146439 10145445 10145887 10145897 10147425 10147319 10147351 10146635 10146883 10147913 10146923 10146781 10145923 10147479 10147247 10147301 10147517 10146717 10145467 10145387 10143617 10143631 10143671 10145909 10147357 10147335 10147383 10146769 10145885 10145893 10145899 10143615 10143793 10147121 10147087 10147377 10147343 10143543 10143595 10143571 10143547 10145841 10145741 10145717 10147251 10147239 10146853 10146773 10145735 10145587 10145481 10147277 10147423 10147447 10147019 10146787 10146775 10147075 10143645 10143673 10147149 10146941 10147021 10146977 10146899 10147307 10145757 10145685 10145627 10145477 10145367 10146995 10147439 10146825 10145419 10147469 10147487 10147451 10146811 10146719 10146665 10147923 10146291 10146297 10146355 10147501 10147905 10146727 10146667 10146445 10146425 10147483 10147069 10147495 10147465 10146285 10146331 10146271 10147889 10146223 10146259 10146225 10147443 10147303 10147171 10147249 10147231 10147161 10147113 10147475 10146233 10147891 10146999 10146111 10146257 10147263 10147449 10146741 10147257 10147203 10147499 10146967 10146989 10147601 10146123 10146103 10146081 10147399 10147295 10147205 10147721 10147209 10146889 10147255 10147163 10147921 10146077 10146101 10146095 10147583 10147911 10146865 10146829 10147593 10147581 10147919 10147915 10146833 10146763 10146683 10146681 10147903 10147573 10147397 10147393 10147429 10147515 10147473 10566308 10143803 10143771 10146317 10146219 10146213 10146209 10147883 10147599 10146301 10146543 10147643 10147641 10146435 10146337 10146329 10146303 10564392 10146323 10147623 10147619 10146265 10146267 10146261 10146243 10146551 10147669 10146505 10146239 10146283 10146319 10146459 10146437 10146397 10146371 10146345 10146359 10147461 10147665 10147895 10146537 10147745 10147227 10147737 10147353 10146493 10146759 10147713 10147169 10147243 10147281 10147731 10147179 10147727 10147723 10147661 10146311 10146861 10147309 10147081 10147267 10147013 10147293 10147285 10147289 10145283 10146251 10147317 10147273 10147719 10147129 10147271 10147201 10143687 10143685 10147133 10147315 10147041 10147063 10147229 10145457 10147107 10147175 10147235 10146815 10147045 10146657 10147221 10564098 10143499 10147105 10147211 10147185 10146951 10147225 10563910 10564668 10146919 10562590 10147039 10147159 10147085 10146997 10147917 10146779 10147345 10563988 10146793 10147137 10146813 10563792 10147015 10146993 10147151 10147195 10147173 10563288 10562046 10562044 10562536 10566084 10147073 10147743 10146881 10146633 10146611 10562302 10147951 10147349 10147433 10564740 10562696 10560298 10563346 10562856 10562742 10560334 10560270 10564372 10563842 10565138 10562404 10562702 10562480 10563334 10562250 10561984 10562656 10562566 10562564 10562264 10562258 10562214 10562128 10562282 10566074 10147511 10147503 10147505 10562222 10561920 10147509 10564910 10562790 10562776 10561938 10561928 10562074 10564886 10147521 10147463 10147493 10147457 10147395 10147359 10147513 10561962 10562010 10562682 10563114 10563226 10562724 10566076 10562652 10562272 10566082 10563260 10562740 10562704 10560324 10562574 10147523 10566110 10563280 10564880 10561146 10560328 10562528 10562654 10560272 10566078 10562084 10562482 10562866 10564548 10564722 10563022 10563684 10561966 10562004 10562518 10563306 10562602 10563298 10562938 10561912 10562362 10564080 10563102 10563074 10563008 10562756 10562400 10562760 10562950 10560348 10562958 10562194 10562288 10562428 10562064 10562058 10562126 10566080 10563132 10562326 10566900 10565028 10562022 10562048 10562190 10563170 10566896 10564184 10562396 10562318 10562772 10562788 10562840 10561148 10562380 10563282 10565042 10563930 10564766 10564034 10564152 10564558 10564598 10564578 10564568 10564518 10564542 10564550 10563890 10564592 10564524 10564398 10564534 10564242 10564262 10564368 10563950 10560384 10564482 10565012 10564616 10564644 10564126 10565122 10564322 10564670 10564594 10564282 10564360 10563428 10564530 10564466 10564642 10564618 10564298 10563530 10564118 10561978 10564394 10565072 10563770 10563926 10564638 10564230 10564666 10564552 10564554 10567024 10565110 10563860 10564510 10564664 10564514 10564672 10564196 10562260 10562416 10566136 10566138 10566120 10564572 10564232 10565116 10566122 10566118 10563154 10566134 10562332 10563848 10562112 10563068 10564604 10564586 10564566 10565014 10563722 10564442 10564022 10566114 10566112 10566108 10566098 10562862 10562834 10564456 10566884 10564512 10564546 10564044 10562180 10561960 10562942 10562926 10563526 10565018 10563780 10564082 10565108 10564434 10564388 10563176 10562330 10563096 10563072 10563004 10563002 10562880 10564528 10564490 10564656 10564116 10562850 10562852 10562774 10562076 10562082 10562764 10564062 10564556 10564012 10562730 10562786 10562646 10562594 10562670 10563978 10564072 10563554 10563396 10563354 10563366 10563338 10563274 10564708 10563474 10565044 10563984 10562142 10562160 10562198 10562246 10566906 10563574 10563278 10563796 10564032 10563196 10565084 10564186 10563356 10563342 10563336 10563184 10564274 10563400 10563640 10564284 10563284 10563292 10562782 10564156 10563602 10563906 10564144 10564120 10562752 10564898 10562596 935140077 10562542 10563314 10563390 10563540 10563460 10566890 10563560 10564500 10563286 10564300 10563476 10563514 10564884 10562274 10563194 10563236 10563430 10564384 10563198 10562490 10562438 10563268 10563318 10563332 10563670 10564224 10564220 10563348 10563716 10566130 10563604 10563056 10563996 10564038 10563938 10564004 10566888 10564386 10566898 10564744 10564776 10566894 10566880 10564762 10564760 10564182 10564002 10563998 10563908 10563838 10563822 10563758 10563568 10564168 10564198 10566902 10565240 10564732 10564698 10564612 10564716 10563534 10563700 10564768 10563802 10565008 10563732 10564106 10563142 10564206 10563486 10563674 10563488 10563416 10564648 10563850 10563724 10564772 10566140 10564718 10564704 10564696 10564678 10563410 10563406 10564060 10563696 10564998 10565000 10563180 10563690 10564724 10564630 10564730 10563350 10563720 10563818 10564280 10563108 10563648 10563456 10563620 10564774 10564146 10564996 10564276 10564576 10564588 10564710 10564690 10564624 10564102 10563562 10564680 10563622 10563580 10563404 10562226 10560408 10560342 10562992 10563944 10564192 10562178 10560406 10562350 10562300 10561936 10560346 10563122 10563014 10562794 10562308 10562340 10564920 10562344 10562432 10564218 10564136 10561996 10564916 10564918 10562996 10562966 10563020 10563212 10560338 10562726 10564908 10563498 10563482 10564892 10564890 10562338 10561126 10562534 10564114 10562976 10562440 10562298 10565236 10563706 10563502 10563446 10563434 10564990 10562714 10564936 10562918 10564170 10560282 10560410 10561956 10564194 10563556 10563492 10565076 10565170 10563964 10565026 10563698 10563730 10565056 10563810 10562458 10562456 10564048 10562184 10562290 10562292 10562374 10562420 10562402 10562796 10560344 10562468 10562818 10563866 10563960 10565062 10564026 10564174 10564188 10562546 10564018 10563928 10562678 10562676 10562734 10562884 10562692 10562690 10562578 10561124 10561116 10564090 10563682 10563610 10564088 10564040 10563976 10562554 10565242 10561934 10562532 10563970 10562846 10562868 10563112 10560266 10560294 10560280 10562448 10562540 10562562 10563110 10565246 10563966 10563828 10564028 10565244 10561926 10562586 10562442 10564958 10563222 10563220 10564000 10560340 10562042 10561958 10562220 10562228 10562144 10563036 10562244 10561134 10561888 10563042 10564092 10563050 10564020 10564222 10565090 10562524 10562492 10564376 10563470 10562354 10564344 10565094 10565046 10563570 10563826 10563844 10562386 10563956 10564252 10564250 10564292 10564290 10563858 10563644 10563662 10565054 10562322 10563578 10564340 10563158 10564428 10564450 10564414 10563806 10563814 10563744 10560252 10563840 10564984 10564458 10564472 10564400 10564420 10562870 10562984 10562888 10562792 10563658 10563710 10563872 10563882 10563986 10563962 10562816 10563992 10563852 10563952 10563894 10565030 10563778 10563864 10563678 10562770 10562718 10562686 10563638 10563588 10563632 10563448 10563516 10563362 10562600 10562660 10562598 10563374 10562240 10562232 10563896 10564986 10563398 10564976 10563344 10563316 10563320 10563162 10563504 10562352 10562934 10562972 10562936 10565238 10562506 10562800 10563248 10563106 10563160 10564160 1841815 1838907 1841451 1839481 1839419 10562026 10560350 10564944 10564948 10563300 10562860 10562750 10561894 10561904 10561946 10562006 10561974 1836317 10563402 10563372 10562894 10562874 1836337 10562028 10562170 10562152 10562106 10562090 10562098 10562130 10562132 10563490 10563370 10563666 10563668 10565040 10562916 10562086 10563078 10563006 10562814 10562804 10562784 10564906 10562324 1839371 10562248 10562008 10562722 10562736 10562558 10562488 10562410 10562366 10562328 10562286 10560330 10560254 10563788 1838863 1836989 1839217 10563798 10562446 10564902 10562778 1841137 1841141 1838749 1838735 1838589 1838419 10563450 10563326 10566096 10566094 10560250 10562494 10562618 1841135 1841237 1838451 1840127 10563216 10563126 1841147 1838873 1838379 10562620 10562608 10562478 10562426 10562408 10562454 10562680 10562712 1838801 1838487 1838329 1841463 10562762 10562744 10562864 10562844 1841111 1838471 1838553 1841133 10562882 10562842 10562406 1841223 1836315 1838441 1838543 1841461 24825838 24825836 10562078 10561980 10563452 10563442 10563714 1841467 1841125 1836361 1840129 1838439 1838605 1841149 1841151 1840125 1838683 1840131 1836335 1838479 1841031 1838345 1839811 1841143 1838913 1840123 1838697 1836343 1838321 1841139 1841187 1838371 1839813 1838689 1838733 1836351 1838385 1836339 1839541 1838301 1839857 1839845 1838659 1838337 1838405 1841465 1836999 1839803 1838625 1838551 1838747 1841821 1839801 1838579 1838549 1839797 1840973 1838593 1838407 1840855 1839383 1841909 1840963 1840949 1839263 1838835 1841801 1840859 1836981 1837089 1838815 1840857 1837009 1837023 1838819 1839895 1837021 1837067 1839427 1839317 1840135 1841449 1837059 1839275 1837113 1839339 1837069 1837099 1839449 1837091 1837109 1840139 1839897 1840939 1841353 1841355 1840937 1840941 1839437 1840823 1840853 1841817 1839839 1838707 1840133 1840847 1839155 1840955 1838673 1838665 1838847 1838645 1838375 1838807 1840825 1839213 1838841 1839901 1839119 1840873 1840931 1838739 1838723 1838719 1838751 1838759 1840137 1839537 1839121 1839099 1840175 1839565 1838391 1838447 1838809 1841019 1841017 1839903 1839009 1839011 1841023 1841027 1838525 1839789 1838473 1840943 1839469 1840925 1838475 1838457 1838449 1841363 1841029 1839609 1839041 1840173 1840157 1840839 1840851 1841085 1841063 1841055 1841053 1838725 1838389 1838335 1840121 1840921 1839271 1839315 1840887 1837017 1838349 1841067 1841049 1840913 1837019 1839587 1838489 1841059 1841047 1836311 1841349 1839239 1839829 1841453 1837033 1838681 1839799 1838575 1839143 1839237 1838721 1838619 1838523 1838333 1840927 1838577 1839167 1841779 1839607 1840979 1838885 1838709 1838629 1838615 1838583 1838587 1839375 1839197 1838573 1839855 1836359 1838731 1840919 1838883 1839169 1839065 1839063 1840161 1839095 1839309 1839489 1840171 1838853 1838893 1840143 1839087 1839111 1839129 1839151 1838977 1838861 1839523 1836977 1839421 1841287 1840153 1839137 1838829 1841799 1839865 1839203 1838939 1838953 1838979 1838347 1839005 1840145 1838919 1839841 1839843 1839585 1838921 1838957 1838951 1839291 1839847 1838783 1839581 1839613 1839471 1839883 1838935 1839035 1838985 1841283 1841233 1839583 1838565 1838567 1838923 1839969 1838911 1838871 1838869 1838769 1841805 1841811 1839345 1839285 1840993 1840149 1839019 935140064 1839293 1840165 1839527 1840169 1838969 1840151 1841261 1838867 1838857 1838837 1838831 1839145 1839837 1838799 1838763 1839851 1839667 1839535 1839559 1839289 1838555 1838603 1840147 1838813 1839825 1840977 1840975 1839277 1839209 1839211 1838559 1838521 1839635 1840967 1840971 1840983 1838791 1838803 1839659 1841777 1839529 1838547 1840987 1839531 1839457 1839515 1841459 1839165 1837093 1838637 1839887 1840829 1837085 1837047 1836991 1836995 1839353 1839473 1839521 1838965 1839215 1839447 1841469 1840177 1836993 1836997 1837139 1839313 1839287 1837077 1837063 1837061 1839641 1838967 1838909 1838971 1839987 1839039 1838999 1838993 1838915 1837011 1837035 1836401 1839017 1839331 1839381 1836357 1836325 1839573 1839579 1838961 1836979 1839175 1839027 1838959 1839863 1839003 1839861 1839859 1840141 1839199 1839305 1838765 1839123 1839185 1839125 1839177 1839193 1841181 1841179 1841185 1841199 1839429 1839423 1839269 1839401 1839403 1839397 1839873 1839395 1839391 1841267 1841177 1839399 1839433 1844789 1841455 1839417 1839643 1839545 1841797 1840159 1839369 1840981 1839553 1839601 1838995 1840163 1839875 1839251 1839431 1841107 1841457 1840155 1840813 1841809 1840799 1838677 1841795 1839655 1839675 with 1 link
1 most connected region:
10563424 with 5 links
